/*--------------------------------*- C++ -*----------------------------------*\
| =========                 |                                                 |
| \\      /  F ield         | OpenFOAM: The Open Source CFD Toolbox           |
|  \\    /   O peration     | Version:  4.1                                   |
|   \\  /    A nd           | Web:      www.OpenFOAM.org                      |
|    \\/     M anipulation  |                                                 |
\*---------------------------------------------------------------------------*/
FoamFile
{
    version     2.0;
    format      ascii;
    class       labelList;
    note        "nPoints: 13230 nCells: 6448 nFaces: 25958 nInternalFaces: 12730";
    location    "constant/polyMesh";
    object      neighbour;
}
// * * * * * * * * * * * * * * * * * * * * * * * * * * * * * * * * * * * * * //


12730
(
1
62
2
63
3
64
4
65
5
66
6
67
7
68
8
69
9
70
10
71
11
72
12
73
13
74
14
75
15
76
16
77
17
78
18
79
19
80
20
81
21
82
22
83
23
84
24
85
25
86
26
87
27
88
28
89
29
90
30
91
31
92
32
93
33
94
34
95
35
96
36
97
37
98
38
99
39
100
40
101
41
102
42
103
43
104
44
105
45
106
46
107
47
108
48
109
49
110
50
111
51
112
52
113
53
114
54
115
55
116
56
117
57
118
58
119
59
120
60
121
61
122
123
63
124
64
125
65
126
66
127
67
128
68
129
69
130
70
131
71
132
72
133
73
134
74
135
75
136
76
137
77
138
78
139
79
140
80
141
81
142
82
143
83
144
84
145
85
146
86
147
87
148
88
149
89
150
90
151
91
152
92
153
93
154
94
155
95
156
96
157
97
158
98
159
99
160
100
161
101
162
102
163
103
164
104
165
105
166
106
167
107
168
108
169
109
170
110
171
111
172
112
173
113
174
114
175
115
176
116
177
117
178
118
179
119
180
120
181
121
182
122
183
123
184
185
125
186
126
187
127
188
128
189
129
190
130
191
131
192
132
193
133
194
134
195
135
196
136
197
137
198
138
199
139
200
140
201
141
202
142
203
143
204
144
205
145
206
146
207
147
208
148
209
149
210
150
211
151
212
152
213
153
214
154
215
155
216
156
217
157
218
158
219
159
220
160
221
161
222
162
223
163
224
164
225
165
226
166
227
167
228
168
229
169
230
170
231
171
232
172
233
173
234
174
235
175
236
176
237
177
238
178
239
179
240
180
241
181
242
182
243
183
244
184
245
185
246
247
187
248
188
249
189
250
190
251
191
252
192
253
193
254
194
255
195
256
196
257
197
258
198
259
199
260
200
261
201
262
202
263
203
264
204
265
205
266
206
267
207
268
208
269
209
270
210
271
211
272
212
273
213
274
214
275
215
276
216
277
217
278
218
279
219
280
220
281
221
282
222
283
223
284
224
285
225
286
226
287
227
288
228
289
229
290
230
291
231
292
232
293
233
294
234
295
235
296
236
297
237
298
238
299
239
300
240
301
241
302
242
303
243
304
244
305
245
306
246
307
247
308
309
249
310
250
311
251
312
252
313
253
314
254
315
255
316
256
317
257
318
258
319
259
320
260
321
261
322
262
323
263
324
264
325
265
326
266
327
267
328
268
329
269
330
270
331
271
332
272
333
273
334
274
335
275
336
276
337
277
338
278
339
279
340
280
341
281
342
282
343
283
344
284
345
285
346
286
347
287
348
288
349
289
350
290
351
291
352
292
353
293
354
294
355
295
356
296
357
297
358
298
359
299
360
300
361
301
362
302
363
303
364
304
365
305
366
306
367
307
368
308
369
309
370
371
311
372
312
373
313
374
314
375
315
376
316
377
317
378
318
379
319
380
320
381
321
382
322
383
323
384
324
385
325
386
326
387
327
388
328
389
329
390
330
391
331
392
332
393
333
394
334
395
335
396
336
397
337
398
338
399
339
400
340
401
341
402
342
403
343
404
344
405
345
406
346
407
347
408
348
409
349
410
350
411
351
412
352
413
353
414
354
415
355
416
356
417
357
418
358
419
359
420
360
421
361
422
362
423
363
424
364
425
365
426
366
427
367
428
368
429
369
430
370
431
371
432
433
373
434
374
435
375
436
376
437
377
438
378
439
379
440
380
441
381
442
382
443
383
444
384
445
385
446
386
447
387
448
388
449
389
450
390
451
391
452
392
453
393
454
394
455
395
456
396
457
397
458
398
459
399
460
400
461
401
462
402
463
403
464
404
465
405
466
406
467
407
468
408
469
409
470
410
471
411
472
412
473
413
474
414
475
415
476
416
477
417
478
418
479
419
480
420
481
421
482
422
483
423
484
424
485
425
486
426
487
427
488
428
489
429
490
430
491
431
492
432
493
433
494
495
435
496
436
497
437
498
438
499
439
500
440
501
441
502
442
503
443
504
444
505
445
506
446
507
447
508
448
509
449
510
450
511
451
512
452
513
453
514
454
515
455
516
456
517
457
518
458
519
459
520
460
521
461
522
462
523
463
524
464
525
465
526
466
527
467
528
468
529
469
530
470
531
471
532
472
533
473
534
474
535
475
536
476
537
477
538
478
539
479
540
480
541
481
542
482
543
483
544
484
545
485
546
486
547
487
548
488
549
489
550
490
551
491
552
492
553
493
554
494
555
495
556
557
497
558
498
559
499
560
500
561
501
562
502
563
503
564
504
565
505
566
506
567
507
568
508
569
509
570
510
571
511
572
512
573
513
574
514
575
515
576
516
577
517
578
518
579
519
580
520
581
521
582
522
583
523
584
524
585
525
586
526
587
527
588
528
589
529
590
530
591
531
592
532
593
533
594
534
595
535
596
536
597
537
598
538
599
539
600
540
601
541
602
542
603
543
604
544
605
545
606
546
607
547
608
548
609
549
610
550
611
551
612
552
613
553
614
554
615
555
616
556
617
557
618
619
559
620
560
621
561
622
562
623
563
624
564
625
565
626
566
627
567
628
568
629
569
630
570
631
571
632
572
633
573
634
574
635
575
636
576
637
577
638
578
639
579
640
580
641
581
642
582
643
583
644
584
645
585
646
586
647
587
648
588
649
589
650
590
651
591
652
592
653
593
654
594
655
595
656
596
657
597
658
598
659
599
660
600
661
601
662
602
663
603
664
604
665
605
666
606
667
607
668
608
669
609
670
610
671
611
672
612
673
613
674
614
675
615
676
616
677
617
678
618
679
619
680
681
621
682
622
683
623
684
624
685
625
686
626
687
627
688
628
689
629
690
630
691
631
692
632
693
633
694
634
695
635
696
636
697
637
698
638
699
639
700
640
701
641
702
642
703
643
704
644
705
645
706
646
707
647
708
648
709
649
710
650
711
651
712
652
713
653
714
654
715
655
716
656
717
657
718
658
719
659
720
660
721
661
722
662
723
663
724
664
725
665
726
666
727
667
728
668
729
669
730
670
731
671
732
672
733
673
734
674
735
675
736
676
737
677
738
678
739
679
740
680
741
681
742
743
683
744
684
745
685
746
686
747
687
748
688
749
689
750
690
751
691
752
692
753
693
754
694
755
695
756
696
757
697
758
698
759
699
760
700
761
701
762
702
763
703
764
704
765
705
766
706
767
707
768
708
769
709
770
710
771
711
772
712
773
713
774
714
775
715
776
716
777
717
778
718
779
719
780
720
781
721
782
722
783
723
784
724
785
725
786
726
787
727
788
728
789
729
790
730
791
731
792
732
793
733
794
734
795
735
796
736
797
737
798
738
799
739
800
740
801
741
802
742
803
743
804
805
745
806
746
807
747
808
748
809
749
810
750
811
751
812
752
813
753
814
754
815
755
816
756
817
757
818
758
819
759
820
760
821
761
822
762
823
763
824
764
825
765
826
766
827
767
828
768
829
769
830
770
831
771
832
772
833
773
834
774
835
775
836
776
837
777
838
778
839
779
840
780
841
781
842
782
843
783
844
784
845
785
846
786
847
787
848
788
849
789
850
790
851
791
852
792
853
793
854
794
855
795
856
796
857
797
858
798
859
799
860
800
861
801
862
802
863
803
864
804
865
805
866
867
807
868
808
869
809
870
810
871
811
872
812
873
813
874
814
875
815
876
816
877
817
878
818
879
819
880
820
881
821
882
822
883
823
884
824
885
825
886
826
887
827
888
828
889
829
890
830
891
831
892
832
893
833
894
834
895
835
896
836
897
837
898
838
899
839
900
840
901
841
902
842
903
843
904
844
905
845
906
846
907
847
908
848
909
849
910
850
911
851
912
852
913
853
914
854
915
855
916
856
917
857
918
858
919
859
920
860
921
861
922
862
923
863
924
864
925
865
926
866
927
867
928
929
869
930
870
931
871
932
872
933
873
934
874
935
875
936
876
937
877
938
878
939
879
940
880
941
881
942
882
943
883
944
884
945
885
946
886
947
887
948
888
949
889
950
890
951
891
952
892
953
893
954
894
955
895
956
896
957
897
958
898
959
899
960
900
961
901
962
902
963
903
964
904
965
905
966
906
967
907
968
908
969
909
970
910
971
911
972
912
973
913
974
914
975
915
976
916
977
917
978
918
979
919
980
920
981
921
982
922
983
923
984
924
985
925
986
926
987
927
988
928
989
929
990
991
931
992
932
993
933
994
934
995
935
996
936
997
937
998
938
999
939
1000
940
1001
941
1002
942
1003
943
1004
944
1005
945
1006
946
1007
947
1008
948
1009
949
1010
950
1011
951
1012
952
1013
953
1014
954
1015
955
1016
956
1017
957
1018
958
1019
959
1020
960
1021
961
1022
962
1023
963
1024
964
1025
965
1026
966
1027
967
1028
968
1029
969
1030
970
1031
971
1032
972
1033
973
1034
974
1035
975
1036
976
1037
977
1038
978
1039
979
1040
980
1041
981
1042
982
1043
983
1044
984
1045
985
1046
986
1047
987
1048
988
1049
989
1050
990
1051
991
1052
1053
993
1054
994
1055
995
1056
996
1057
997
1058
998
1059
999
1060
1000
1061
1001
1062
1002
1063
1003
1064
1004
1065
1005
1066
1006
1067
1007
1068
1008
1069
1009
1070
1010
1071
1011
1072
1012
1073
1013
1074
1014
1075
1015
1076
1016
1077
1017
1078
1018
1079
1019
1080
1020
1081
1021
1082
1022
1083
1023
1084
1024
1085
1025
1086
1026
1087
1027
1088
1028
1089
1029
1090
1030
1091
1031
1092
1032
1093
1033
1094
1034
1095
1035
1096
1036
1097
1037
1098
1038
1099
1039
1100
1040
1101
1041
1102
1042
1103
1043
1104
1044
1105
1045
1106
1046
1107
1047
1108
1048
1109
1049
1110
1050
1111
1051
1112
1052
1113
1053
1114
1115
1055
1116
1056
1117
1057
1118
1058
1119
1059
1120
1060
1121
1061
1122
1062
1123
1063
1124
1064
1125
1065
1126
1066
1127
1067
1128
1068
1129
1069
1130
1070
1131
1071
1132
1072
1133
1073
1134
1074
1135
1075
1136
1076
1137
1077
1138
1078
1139
1079
1140
1080
1141
1081
1142
1082
1143
1083
1144
1084
1145
1085
1146
1086
1147
1087
1148
1088
1149
1089
1150
1090
1151
1091
1152
1092
1153
1093
1154
1094
1155
1095
1156
1096
1157
1097
1158
1098
1159
1099
1160
1100
1161
1101
1162
1102
1163
1103
1164
1104
1165
1105
1166
1106
1167
1107
1168
1108
1169
1109
1170
1110
1171
1111
1172
1112
1173
1113
1174
1114
1175
1115
1176
1177
1117
1178
1118
1179
1119
1180
1120
1181
1121
1182
1122
1183
1123
1184
1124
1185
1125
1186
1126
1187
1127
1188
1128
1189
1129
1190
1130
1191
1131
1192
1132
1193
1133
1194
1134
1195
1135
1196
1136
1197
1137
1198
1138
1199
1139
1200
1140
1201
1141
1202
1142
1203
1143
1204
1144
1205
1145
1206
1146
1207
1147
1208
1148
1209
1149
1210
1150
1211
1151
1212
1152
1213
1153
1214
1154
1215
1155
1216
1156
1217
1157
1218
1158
1219
1159
1220
1160
1221
1161
1222
1162
1223
1163
1224
1164
1225
1165
1226
1166
1227
1167
1228
1168
1229
1169
1230
1170
1231
1171
1232
1172
1233
1173
1234
1174
1235
1175
1236
1176
1237
1177
1238
1239
1179
1240
1180
1241
1181
1242
1182
1243
1183
1244
1184
1245
1185
1246
1186
1247
1187
1248
1188
1249
1189
1250
1190
1251
1191
1252
1192
1253
1193
1254
1194
1255
1195
1256
1196
1257
1197
1258
1198
1259
1199
1260
1200
1261
1201
1262
1202
1263
1203
1264
1204
1265
1205
1266
1206
1267
1207
1268
1208
1269
1209
1270
1210
1271
1211
1272
1212
1273
1213
1274
1214
1275
1215
1276
1216
1277
1217
1278
1218
1279
1219
1280
1220
1281
1221
1282
1222
1283
1223
1284
1224
1285
1225
1286
1226
1287
1227
1288
1228
1289
1229
1290
1230
1291
1231
1292
1232
1293
1233
1294
1234
1295
1235
1296
1236
1297
1237
1298
1238
1299
1239
1300
1301
1241
1302
1242
1303
1243
1304
1244
1305
1245
1306
1246
1307
1247
1308
1248
1309
1249
1310
1250
1311
1251
1312
1252
1313
1253
1314
1254
1315
1255
1316
1256
1317
1257
1318
1258
1319
1259
1320
1260
1321
1261
1322
1262
1323
1263
1324
1264
1325
1265
1326
1266
1327
1267
1328
1268
1329
1269
1330
1270
1331
1271
1332
1272
1333
1273
1334
1274
1335
1275
1336
1276
1337
1277
1338
1278
1339
1279
1340
1280
1341
1281
1342
1282
1343
1283
1344
1284
1345
1285
1346
1286
1347
1287
1348
1288
1349
1289
1350
1290
1351
1291
1352
1292
1353
1293
1354
1294
1355
1295
1356
1296
1357
1297
1358
1298
1359
1299
1360
1300
1361
1301
1362
1363
1303
1364
1304
1365
1305
1366
1306
1367
1307
1368
1308
1369
1309
1370
1310
1371
1311
1372
1312
1373
1313
1374
1314
1375
1315
1376
1316
1377
1317
1378
1318
1379
1319
1380
1320
1381
1321
1382
1322
1383
1323
1384
1324
1385
1325
1386
1326
1387
1327
1388
1328
1389
1329
1390
1330
1391
1331
1392
1332
1393
1333
1394
1334
1395
1335
1396
1336
1397
1337
1398
1338
1399
1339
1400
1340
1401
1341
1402
1342
1403
1343
1404
1344
1405
1345
1406
1346
1407
1347
1408
1348
1409
1349
1410
1350
1411
1351
1412
1352
1413
1353
1414
1354
1415
1355
1416
1356
1417
1357
1418
1358
1419
1359
1420
1360
1421
1361
1422
1362
1423
1363
1424
1425
1365
1426
1366
1427
1367
1428
1368
1429
1369
1430
1370
1431
1371
1432
1372
1433
1373
1434
1374
1435
1375
1436
1376
1437
1377
1438
1378
1439
1379
1440
1380
1441
1381
1442
1382
1443
1383
1444
1384
1445
1385
1446
1386
1447
1387
1448
1388
1449
1389
1450
1390
1451
1391
1452
1392
1453
1393
1454
1394
1455
1395
1456
1396
1457
1397
1458
1398
1459
1399
1460
1400
1461
1401
1462
1402
1463
1403
1464
1404
1465
1405
1466
1406
1467
1407
1468
1408
1469
1409
1470
1410
1471
1411
1472
1412
1473
1413
1474
1414
1475
1415
1476
1416
1477
1417
1478
1418
1479
1419
1480
1420
1481
1421
1482
1422
1483
1423
1484
1424
1485
1425
1486
1487
1427
1488
1428
1489
1429
1490
1430
1491
1431
1492
1432
1493
1433
1494
1434
1495
1435
1496
1436
1497
1437
1498
1438
1499
1439
1500
1440
1501
1441
1502
1442
1503
1443
1504
1444
1505
1445
1506
1446
1507
1447
1508
1448
1509
1449
1510
1450
1511
1451
1512
1452
1513
1453
1514
1454
1515
1455
1516
1456
1517
1457
1518
1458
1519
1459
1520
1460
1521
1461
1522
1462
1523
1463
1524
1464
1525
1465
1526
1466
1527
1467
1528
1468
1529
1469
1530
1470
1531
1471
1532
1472
1533
1473
1534
1474
1535
1475
1536
1476
1537
1477
1538
1478
1539
1479
1540
1480
1541
1481
1542
1482
1543
1483
1544
1484
1545
1485
1546
1486
1547
1487
1548
1549
1489
1550
1490
1551
1491
1552
1492
1553
1493
1554
1494
1555
1495
1556
1496
1557
1497
1558
1498
1559
1499
1560
1500
1561
1501
1562
1502
1563
1503
1564
1504
1565
1505
1566
1506
1567
1507
1568
1508
1569
1509
1570
1510
1571
1511
1572
1512
1573
1513
1574
1514
1575
1515
1576
1516
1577
1517
1578
1518
1579
1519
1580
1520
1581
1521
1582
1522
1583
1523
1584
1524
1585
1525
1586
1526
1587
1527
1588
1528
1589
1529
1590
1530
1591
1531
1592
1532
1593
1533
1594
1534
1595
1535
1596
1536
1597
1537
1598
1538
1599
1539
1600
1540
1601
1541
1602
1542
1603
1543
1604
1544
1605
1545
1606
1546
1607
1547
1608
1548
1609
1549
1610
1611
1551
1612
1552
1613
1553
1614
1554
1615
1555
1616
1556
1617
1557
1618
1558
1619
1559
1620
1560
1621
1561
1622
1562
1623
1563
1624
1564
1625
1565
1626
1566
1627
1567
1628
1568
1629
1569
1630
1570
1631
1571
1632
1572
1633
1573
1634
1574
1635
1575
1636
1576
1637
1577
1638
1578
1639
1579
1640
1580
1641
1581
1642
1582
1643
1583
1644
1584
1645
1585
1646
1586
1647
1587
1648
1588
1649
1589
1650
1590
1651
1591
1652
1592
1653
1593
1654
1594
1655
1595
1656
1596
1657
1597
1658
1598
1659
1599
1660
1600
1661
1601
1662
1602
1663
1603
1664
1604
1665
1605
1666
1606
1667
1607
1668
1608
1669
1609
1670
1610
1671
1611
1672
1673
1613
1674
1614
1675
1615
1676
1616
1677
1617
1678
1618
1679
1619
1680
1620
1681
1621
1682
1622
1683
1623
1684
1624
1685
1625
1686
1626
1687
1627
1688
1628
1689
1629
1690
1630
1691
1631
1692
1632
1693
1633
1694
1634
1695
1635
1696
1636
1697
1637
1698
1638
1699
1639
1700
1640
1701
1641
1702
1642
1703
1643
1704
1644
1705
1645
1706
1646
1707
1647
1708
1648
1709
1649
1710
1650
1711
1651
1712
1652
1713
1653
1714
1654
1715
1655
1716
1656
1717
1657
1718
1658
1719
1659
1720
1660
1721
1661
1722
1662
1723
1663
1724
1664
1725
1665
1726
1666
1727
1667
1728
1668
1729
1669
1730
1670
1731
1671
1732
1672
1733
1673
1734
1735
1675
1736
1676
1737
1677
1738
1678
1739
1679
1740
1680
1741
1681
1742
1682
1743
1683
1744
1684
1745
1685
1746
1686
1747
1687
1748
1688
1749
1689
1750
1690
1751
1691
1752
1692
1753
1693
1754
1694
1755
1695
1756
1696
1757
1697
1758
1698
1759
1699
1760
1700
1761
1701
1762
1702
1763
1703
1764
1704
1765
1705
1766
1706
1767
1707
1768
1708
1769
1709
1770
1710
1771
1711
1772
1712
1773
1713
1774
1714
1775
1715
1776
1716
1777
1717
1778
1718
1779
1719
1780
1720
1781
1721
1782
1722
1783
1723
1784
1724
1785
1725
1786
1726
1787
1727
1788
1728
1789
1729
1790
1730
1791
1731
1792
1732
1793
1733
1794
1734
1795
1735
1796
1797
1737
1798
1738
1799
1739
1800
1740
1801
1741
1802
1742
1803
1743
1804
1744
1805
1745
1806
1746
1807
1747
1808
1748
1809
1749
1810
1750
1811
1751
1812
1752
1813
1753
1814
1754
1815
1755
1816
1756
1817
1757
1818
1758
1819
1759
1820
1760
1821
1761
1822
1762
1823
1763
1824
1764
1825
1765
1826
1766
1827
1767
1828
1768
1829
1769
1830
1770
1831
1771
1832
1772
1833
1773
1834
1774
1835
1775
1836
1776
1837
1777
1838
1778
1839
1779
1840
1780
1841
1781
1842
1782
1843
1783
1844
1784
1845
1785
1846
1786
1847
1787
1848
1788
1849
1789
1850
1790
1851
1791
1852
1792
1853
1793
1854
1794
1855
1795
1856
1796
1857
1797
1858
1859
1799
1860
1800
1861
1801
1862
1802
1863
1803
1864
1804
1865
1805
1866
1806
1867
1807
1868
1808
1869
1809
1870
1810
1871
1811
1872
1812
1873
1813
1874
1814
1875
1815
1876
1816
1877
1817
1878
1818
1879
1819
1880
1820
1881
1821
1882
1822
1883
1823
1884
1824
1885
1825
1886
1826
1887
1827
1888
1828
1889
1829
1890
1830
1891
1831
1892
1832
1893
1833
1894
1834
1895
1835
1896
1836
1897
1837
1898
1838
1899
1839
1900
1840
1901
1841
1902
1842
1903
1843
1904
1844
1905
1845
1906
1846
1907
1847
1908
1848
1909
1849
1910
1850
1911
1851
1912
1852
1913
1853
1914
1854
1915
1855
1916
1856
1917
1857
1918
1858
1919
1859
1920
1921
1861
1922
1862
1923
1863
1924
1864
1925
1865
1926
1866
1927
1867
1928
1868
1929
1869
1930
1870
1931
1871
1932
1872
1933
1873
1934
1874
1935
1875
1936
1876
1937
1877
1938
1878
1939
1879
1940
1880
1941
1881
1942
1882
1943
1883
1944
1884
1945
1885
1946
1886
1947
1887
1948
1888
1949
1889
1950
1890
1951
1891
1952
1892
1953
1893
1954
1894
1955
1895
1956
1896
1957
1897
1958
1898
1959
1899
1960
1900
1961
1901
1962
1902
1963
1903
1964
1904
1965
1905
1966
1906
1967
1907
1968
1908
1969
1909
1970
1910
1971
1911
1972
1912
1973
1913
1974
1914
1975
1915
1976
1916
1977
1917
1978
1918
1979
1919
1980
1920
1981
1921
1982
1983
1923
1984
1924
1985
1925
1986
1926
1987
1927
1988
1928
1989
1929
1990
1930
1991
1931
1992
1932
1993
1933
1994
1934
1995
1935
1996
1936
1997
1937
1998
1938
1999
1939
2000
1940
2001
1941
2002
1942
2003
1943
2004
1944
2005
1945
2006
1946
2007
1947
2008
1948
2009
1949
2010
1950
2011
1951
2012
1952
2013
1953
2014
1954
2015
1955
2016
1956
2017
1957
2018
1958
2019
1959
2020
1960
2021
1961
2022
1962
2023
1963
2024
1964
2025
1965
2026
1966
2027
1967
2028
1968
2029
1969
2030
1970
2031
1971
2032
1972
2033
1973
2034
1974
2035
1975
2036
1976
2037
1977
2038
1978
2039
1979
2040
1980
2041
1981
2042
1982
2043
1983
2044
2045
1985
2046
1986
2047
1987
2048
1988
2049
1989
2050
1990
2051
1991
2052
1992
2053
1993
2054
1994
2055
1995
2056
1996
2057
1997
2058
1998
2059
1999
2060
2000
2061
2001
2062
2002
2063
2003
2064
2004
2065
2005
2066
2006
2067
2007
2068
2008
2069
2009
2070
2010
2071
2011
2072
2012
2073
2013
2074
2014
2075
2015
2076
2016
2077
2017
2078
2018
2079
2019
2080
2020
2081
2021
2082
2022
2083
2023
2084
2024
2085
2025
2086
2026
2087
2027
2088
2028
2089
2029
2090
2030
2091
2031
2092
2032
2093
2033
2094
2034
2095
2035
2096
2036
2097
2037
2098
2038
2099
2039
2100
2040
2101
2041
2102
2042
2103
2043
2104
2044
2105
2045
2106
2107
2047
2108
2048
2109
2049
2110
2050
2111
2051
2112
2052
2113
2053
2114
2054
2115
2055
2116
2056
2117
2057
2118
2058
2119
2059
2120
2060
2121
2061
2122
2062
2123
2063
2124
2064
2125
2065
2126
2066
2127
2067
2128
2068
2129
2069
2130
2070
2131
2071
2132
2072
2133
2073
2134
2074
2135
2075
2136
2076
2137
2077
2138
2078
2139
2079
2140
2080
2141
2081
2142
2082
2143
2083
2144
2084
2145
2085
2146
2086
2147
2087
2148
2088
2149
2089
2150
2090
2151
2091
2152
2092
2153
2093
2154
2094
2155
2095
2156
2096
2157
2097
2158
2098
2159
2099
2160
2100
2161
2101
2162
2102
2163
2103
2164
2104
2165
2105
2166
2106
2167
2107
2168
2169
2109
2170
2110
2171
2111
2172
2112
2173
2113
2174
2114
2175
2115
2176
2116
2177
2117
2178
2118
2179
2119
2180
2120
2181
2121
2182
2122
2183
2123
2184
2124
2185
2125
2186
2126
2187
2127
2188
2128
2189
2129
2190
2130
2191
2131
2192
2132
2193
2133
2194
2134
2195
2135
2196
2136
2197
2137
2198
2138
2199
2139
2200
2140
2201
2141
2202
2142
2203
2143
2204
2144
2205
2145
2206
2146
2207
2147
2208
2148
2209
2149
2210
2150
2211
2151
2212
2152
2213
2153
2214
2154
2215
2155
2216
2156
2217
2157
2218
2158
2219
2159
2220
2160
2221
2161
2222
2162
2223
2163
2224
2164
2225
2165
2226
2166
2227
2167
2228
2168
2229
2169
2230
2231
2171
2232
2172
2233
2173
2234
2174
2235
2175
2236
2176
2237
2177
2238
2178
2239
2179
2240
2180
2241
2181
2242
2182
2243
2183
2244
2184
2245
2185
2246
2186
2247
2187
2248
2188
2249
2189
2250
2190
2251
2191
2252
2192
2253
2193
2254
2194
2255
2195
2256
2196
2257
2197
2258
2198
2259
2199
2260
2200
2261
2201
2262
2202
2263
2203
2264
2204
2265
2205
2266
2206
2267
2207
2268
2208
2269
2209
2270
2210
2271
2211
2272
2212
2273
2213
2274
2214
2275
2215
2276
2216
2277
2217
2278
2218
2279
2219
2280
2220
2281
2221
2282
2222
2283
2223
2284
2224
2285
2225
2286
2226
2287
2227
2288
2228
2289
2229
2290
2230
2291
2231
2292
2293
2233
2294
2234
2295
2235
2296
2236
2297
2237
2298
2238
2299
2239
2300
2240
2301
2241
2302
2242
2303
2243
2304
2244
2305
2245
2306
2246
2307
2247
2308
2248
2309
2249
2310
2250
2311
2251
2312
2252
2313
2253
2314
2254
2315
2255
2316
2256
2317
2257
2318
2258
2319
2259
2320
2260
2321
2261
2322
2262
2323
2263
2324
2264
2325
2265
2326
2266
2327
2267
2328
2268
2329
2269
2330
2270
2331
2271
2332
2272
2333
2273
2334
2274
2335
2275
2336
2276
2337
2277
2338
2278
2339
2279
2340
2280
2341
2281
2342
2282
2343
2283
2344
2284
2345
2285
2346
2286
2347
2287
2348
2288
2349
2289
2350
2290
2351
2291
2352
2292
2353
2293
2354
2355
2295
2356
2296
2357
2297
2358
2298
2359
2299
2360
2300
2361
2301
2362
2302
2363
2303
2364
2304
2365
2305
2366
2306
2367
2307
2368
2308
2369
2309
2370
2310
2371
2311
2372
2312
2373
2313
2374
2314
2375
2315
2376
2316
2377
2317
2378
2318
2379
2319
2380
2320
2381
2321
2382
2322
2383
2323
2384
2324
2385
2325
2386
2326
2387
2327
2388
2328
2389
2329
2390
2330
2391
2331
2392
2332
2393
2333
2394
2334
2395
2335
2396
2336
2397
2337
2398
2338
2399
2339
2400
2340
2401
2341
2402
2342
2403
2343
2404
2344
2405
2345
2406
2346
2407
2347
2408
2348
2409
2349
2410
2350
2411
2351
2412
2352
2413
2353
2414
2354
2415
2355
2416
2417
2357
2418
2358
2419
2359
2420
2360
2421
2361
2422
2362
2423
2363
2424
2364
2425
2365
2426
2366
2427
2367
2428
2368
2429
2369
2430
2370
2431
2371
2432
2372
2433
2373
2434
2374
2435
2375
2436
2376
2437
2377
2438
2378
2439
2379
2440
2380
2441
2381
2442
2382
2443
2383
2444
2384
2445
2385
2446
2386
2447
2387
2448
2388
2449
2389
2450
2390
2451
2391
2452
2392
2453
2393
2454
2394
2455
2395
2456
2396
2457
2397
2458
2398
2459
2399
2460
2400
2461
2401
2462
2402
2463
2403
2464
2404
2465
2405
2466
2406
2467
2407
2468
2408
2469
2409
2470
2410
2471
2411
2472
2412
2473
2413
2474
2414
2475
2415
2476
2416
2477
2417
2478
2479
2419
2480
2420
2481
2421
2482
2422
2483
2423
2484
2424
2485
2425
2486
2426
2487
2427
2488
2428
2489
2429
2490
2430
2491
2431
2492
2432
2493
2433
2494
2434
2495
2435
2496
2436
2497
2437
2498
2438
2499
2439
2500
2440
2501
2441
2502
2442
2503
2443
2504
2444
2505
2445
2506
2446
2507
2447
2508
2448
2509
2449
2510
2450
2511
2451
2512
2452
2513
2453
2514
2454
2515
2455
2516
2456
2517
2457
2518
2458
2519
2459
2520
2460
2521
2461
2522
2462
2523
2463
2524
2464
2525
2465
2526
2466
2527
2467
2528
2468
2529
2469
2530
2470
2531
2471
2532
2472
2533
2473
2534
2474
2535
2475
2536
2476
2537
2477
2538
2478
2539
2479
2540
2541
2481
2542
2482
2543
2483
2544
2484
2545
2485
2546
2486
2547
2487
2548
2488
2549
2489
2550
2490
2551
2491
2552
2492
2553
2493
2554
2494
2555
2495
2556
2496
2557
2497
2558
2498
2559
2499
2560
2500
2561
2501
2562
2502
2563
2503
2564
2504
2565
2505
2566
2506
2567
2507
2568
2508
2569
2509
2570
2510
2571
2511
2572
2512
2573
2513
2574
2514
2575
2515
2576
2516
2577
2517
2578
2518
2579
2519
2580
2520
2581
2521
2582
2522
2583
2523
2584
2524
2585
2525
2586
2526
2587
2527
2588
2528
2589
2529
2590
2530
2591
2531
2592
2532
2593
2533
2594
2534
2595
2535
2596
2536
2597
2537
2598
2538
2599
2539
2600
2540
2601
2541
2602
2603
2543
2604
2544
2605
2545
2606
2546
2607
2547
2608
2548
2609
2549
2610
2550
2611
2551
2612
2552
2613
2553
2614
2554
2615
2555
2616
2556
2617
2557
2618
2558
2619
2559
2620
2560
2621
2561
2622
2562
2623
2563
2624
2564
2625
2565
2626
2566
2627
2567
2628
2568
2629
2569
2630
2570
2631
2571
2632
2572
2633
2573
2634
2574
2635
2575
2636
2576
2637
2577
2638
2578
2639
2579
2640
2580
2641
2581
2642
2582
2643
2583
2644
2584
2645
2585
2646
2586
2647
2587
2648
2588
2649
2589
2650
2590
2651
2591
2652
2592
2653
2593
2654
2594
2655
2595
2656
2596
2657
2597
2658
2598
2659
2599
2660
2600
2661
2601
2662
2602
2663
2603
2664
2665
2605
2666
2606
2667
2607
2668
2608
2669
2609
2670
2610
2671
2611
2672
2612
2673
2613
2674
2614
2675
2615
2676
2616
2677
2617
2678
2618
2679
2619
2680
2620
2681
2621
2682
2622
2683
2623
2684
2624
2685
2625
2686
2626
2687
2627
2688
2628
2689
2629
2690
2630
2691
2631
2692
2632
2693
2633
2694
2634
2695
2635
2696
2636
2697
2637
2698
2638
2699
2639
2700
2640
2701
2641
2702
2642
2703
2643
2704
2644
2705
2645
2706
2646
2707
2647
2708
2648
2709
2649
2710
2650
2711
2651
2712
2652
2713
2653
2714
2654
2715
2655
2716
2656
2717
2657
2718
2658
2719
2659
2720
2660
2721
2661
2722
2662
2723
2663
2724
2664
2725
2665
2726
2727
2667
2728
2668
2729
2669
2730
2670
2731
2671
2732
2672
2733
2673
2734
2674
2735
2675
2736
2676
2737
2677
2738
2678
2739
2679
2740
2680
2741
2681
2742
2682
2743
2683
2744
2684
2745
2685
2746
2686
2747
2687
2748
2688
2749
2689
2750
2690
2751
2691
2752
2692
2753
2693
2754
2694
2755
2695
2756
2696
2757
2697
2758
2698
2759
2699
2760
2700
2761
2701
2762
2702
2763
2703
2764
2704
2765
2705
2766
2706
2767
2707
2768
2708
2769
2709
2770
2710
2771
2711
2772
2712
2773
2713
2774
2714
2775
2715
2776
2716
2777
2717
2778
2718
2779
2719
2780
2720
2781
2721
2782
2722
2783
2723
2784
2724
2785
2725
2786
2726
2787
2727
2788
2789
2729
2790
2730
2791
2731
2792
2732
2793
2733
2794
2734
2795
2735
2796
2736
2797
2737
2798
2738
2799
2739
2800
2740
2801
2741
2802
2742
2803
2743
2804
2744
2805
2745
2806
2746
2807
2747
2808
2748
2809
2749
2810
2750
2811
2751
2812
2752
2813
2753
2814
2754
2815
2755
2816
2756
2817
2757
2818
2758
2819
2759
2820
2760
2821
2761
2822
2762
2823
2763
2824
2764
2825
2765
2826
2766
2827
2767
2828
2768
2829
2769
2830
2770
2831
2771
2832
2772
2833
2773
2834
2774
2835
2775
2836
2776
2837
2777
2838
2778
2839
2779
2840
2780
2841
2781
2842
2782
2843
2783
2844
2784
2845
2785
2846
2786
2847
2787
2848
2788
2849
2789
2850
2851
2791
2852
2792
2853
2793
2854
2794
2855
2795
2856
2796
2857
2797
2858
2798
2859
2799
2860
2800
2861
2801
2862
2802
2863
2803
2864
2804
2865
2805
2866
2806
2867
2807
2868
2808
2869
2809
2870
2810
2871
2811
2872
2812
2873
2813
2874
2814
2875
2815
2876
2816
2877
2817
2878
2818
2879
2819
2880
2820
2881
2821
2882
2822
2883
2823
2884
2824
2885
2825
2886
2826
2887
2827
2888
2828
2889
2829
2890
2830
2891
2831
2892
2832
2893
2833
2894
2834
2895
2835
2896
2836
2897
2837
2898
2838
2899
2839
2900
2840
2901
2841
2902
2842
2903
2843
2904
2844
2905
2845
2906
2846
2907
2847
2908
2848
2909
2849
2910
2850
2911
2851
2912
2913
2853
2914
2854
2915
2855
2916
2856
2917
2857
2918
2858
2919
2859
2920
2860
2921
2861
2922
2862
2923
2863
2924
2864
2925
2865
2926
2866
2927
2867
2928
2868
2929
2869
2930
2870
2931
2871
2932
2872
2933
2873
2934
2874
2935
2875
2936
2876
2937
2877
2938
2878
2939
2879
2940
2880
2941
2881
2942
2882
2943
2883
2944
2884
2945
2885
2946
2886
2947
2887
2948
2888
2949
2889
2950
2890
2951
2891
2952
2892
2953
2893
2954
2894
2955
2895
2956
2896
2957
2897
2958
2898
2959
2899
2960
2900
2961
2901
2962
2902
2963
2903
2964
2904
2965
2905
2966
2906
2967
2907
2968
2908
2969
2909
2970
2910
2971
2911
2972
2912
2973
2913
2974
2975
2915
2976
2916
2977
2917
2978
2918
2979
2919
2980
2920
2981
2921
2982
2922
2983
2923
2984
2924
2985
2925
2986
2926
2987
2927
2988
2928
2989
2929
2990
2930
2991
2931
2992
2932
2993
2933
2994
2934
2995
2935
2996
2936
2997
2937
2998
2938
2999
2939
3000
2940
3001
2941
3002
2942
3003
2943
3004
2944
3005
2945
3006
2946
3007
2947
3008
2948
3009
2949
3010
2950
3011
2951
3012
2952
3013
2953
3014
2954
3015
2955
3016
2956
3017
2957
3018
2958
3019
2959
3020
2960
3021
2961
3022
2962
3023
2963
3024
2964
3025
2965
3026
2966
3027
2967
3028
2968
3029
2969
3030
2970
3031
2971
3032
2972
3033
2973
3034
2974
3035
2975
3036
3037
2977
3038
2978
3039
2979
3040
2980
3041
2981
3042
2982
3043
2983
3044
2984
3045
2985
3046
2986
3047
2987
3048
2988
3049
2989
3050
2990
3051
2991
3052
2992
3053
2993
3054
2994
3055
2995
3056
2996
3057
2997
3058
2998
3059
2999
3060
3000
3061
3001
3062
3002
3063
3003
3064
3004
3065
3005
3066
3006
3067
3007
3068
3008
3069
3009
3070
3010
3071
3011
3072
3012
3073
3013
3074
3014
3075
3015
3076
3016
3077
3017
3078
3018
3079
3019
3080
3020
3081
3021
3082
3022
3083
3023
3084
3024
3085
3025
3086
3026
3087
3027
3088
3028
3089
3029
3090
3030
3091
3031
3092
3032
3093
3033
3094
3034
3095
3035
3096
3036
3097
3037
3098
3099
3039
3100
3040
3101
3041
3102
3042
3103
3043
3104
3044
3105
3045
3106
3046
3107
3047
3108
3048
3109
3049
3110
3050
3111
3051
3112
3052
3113
3053
3114
3054
3115
3055
3116
3056
3117
3057
3118
3058
3119
3059
3120
3060
3121
3061
3122
3062
3123
3063
3124
3064
3125
3065
3126
3066
3127
3067
3128
3068
3129
3069
3130
3070
3131
3071
3132
3072
3133
3073
3134
3074
3135
3075
3136
3076
3137
3077
3138
3078
3139
3079
3140
3080
3141
3081
3142
3082
3143
3083
3144
3084
3145
3085
3146
3086
3147
3087
3148
3088
3149
3089
3150
3090
3151
3091
3152
3092
3153
3093
3154
3094
3155
3095
3156
3096
3157
3097
3158
3098
3159
3099
3160
3161
3101
3162
3102
3163
3103
3164
3104
3165
3105
3166
3106
3167
3107
3168
3108
3169
3109
3170
3110
3171
3111
3172
3112
3173
3113
3174
3114
3175
3115
3176
3116
3177
3117
3178
3118
3179
3119
3180
3120
3181
3121
3182
3122
3183
3123
3184
3124
3185
3125
3186
3126
3187
3127
3188
3128
3189
3129
3190
3130
3191
3131
3192
3132
3193
3133
3194
3134
3195
3135
3196
3136
3197
3137
3198
3138
3199
3139
3200
3140
3201
3141
3202
3142
3203
3143
3204
3144
3205
3145
3206
3146
3207
3147
3208
3148
3209
3149
3210
3150
3211
3151
3212
3152
3213
3153
3214
3154
3215
3155
3216
3156
3217
3157
3218
3158
3219
3159
3220
3160
3221
3161
3222
3223
3163
3224
3164
3225
3165
3226
3166
3227
3167
3228
3168
3229
3169
3230
3170
3231
3171
3232
3172
3233
3173
3234
3174
3235
3175
3236
3176
3237
3177
3238
3178
3239
3179
3240
3180
3241
3181
3242
3182
3243
3183
3244
3184
3245
3185
3246
3186
3247
3187
3248
3188
3249
3189
3250
3190
3251
3191
3252
3192
3253
3193
3254
3194
3255
3195
3256
3196
3257
3197
3258
3198
3259
3199
3260
3200
3261
3201
3262
3202
3263
3203
3264
3204
3265
3205
3266
3206
3267
3207
3268
3208
3269
3209
3270
3210
3271
3211
3272
3212
3273
3213
3274
3214
3275
3215
3276
3216
3277
3217
3278
3218
3279
3219
3280
3220
3281
3221
3282
3222
3283
3223
3284
3285
3225
3286
3226
3287
3227
3288
3228
3289
3229
3290
3230
3291
3231
3292
3232
3293
3233
3294
3234
3295
3235
3296
3236
3297
3237
3298
3238
3299
3239
3300
3240
3301
3241
3302
3242
3303
3243
3304
3244
3305
3245
3306
3246
3307
3247
3308
3248
3309
3249
3310
3250
3311
3251
3312
3252
3313
3253
3314
3254
3315
3255
3316
3256
3317
3257
3318
3258
3319
3259
3320
3260
3321
3261
3322
3262
3323
3263
3324
3264
3325
3265
3326
3266
3327
3267
3328
3268
3329
3269
3330
3270
3331
3271
3332
3272
3333
3273
3334
3274
3335
3275
3336
3276
3337
3277
3338
3278
3339
3279
3340
3280
3341
3281
3342
3282
3343
3283
3344
3284
3345
3285
3346
3347
3287
3348
3288
3349
3289
3350
3290
3351
3291
3352
3292
3353
3293
3354
3294
3355
3295
3356
3296
3357
3297
3358
3298
3359
3299
3360
3300
3361
3301
3362
3302
3363
3303
3364
3304
3365
3305
3366
3306
3367
3307
3368
3308
3369
3309
3370
3310
3371
3311
3372
3312
3373
3313
3374
3314
3375
3315
3376
3316
3377
3317
3378
3318
3379
3319
3380
3320
3381
3321
3382
3322
3383
3323
3384
3324
3385
3325
3386
3326
3387
3327
3388
3328
3389
3329
3390
3330
3391
3331
3392
3332
3393
3333
3394
3334
3395
3335
3396
3336
3397
3337
3398
3338
3399
3339
3400
3340
3401
3341
3402
3342
3403
3343
3404
3344
3405
3345
3406
3346
3407
3347
3408
3409
3349
3410
3350
3411
3351
3412
3352
3413
3353
3414
3354
3415
3355
3416
3356
3417
3357
3418
3358
3419
3359
3420
3360
3421
3361
3422
3362
3423
3363
3424
3364
3425
3365
3426
3366
3427
3367
3428
3368
3429
3369
3430
3370
3431
3371
3432
3372
3433
3373
3434
3374
3435
3375
3436
3376
3437
3377
3438
3378
3439
3379
3440
3380
3441
3381
3442
3382
3443
3383
3444
3384
3445
3385
3446
3386
3447
3387
3448
3388
3449
3389
3450
3390
3451
3391
3452
3392
3453
3393
3454
3394
3455
3395
3456
3396
3457
3397
3458
3398
3459
3399
3460
3400
3461
3401
3462
3402
3463
3403
3464
3404
3465
3405
3466
3406
3467
3407
3468
3408
3469
3409
3470
3471
3411
3472
3412
3473
3413
3474
3414
3475
3415
3476
3416
3477
3417
3478
3418
3479
3419
3480
3420
3481
3421
3482
3422
3483
3423
3484
3424
3485
3425
3486
3426
3487
3427
3488
3428
3489
3429
3490
3430
3491
3431
3492
3432
3493
3433
3494
3434
3495
3435
3496
3436
3497
3437
3498
3438
3499
3439
3500
3440
3501
3441
3502
3442
3503
3443
3504
3444
3505
3445
3506
3446
3507
3447
3508
3448
3509
3449
3510
3450
3511
3451
3512
3452
3513
3453
3514
3454
3515
3455
3516
3456
3517
3457
3518
3458
3519
3459
3520
3460
3521
3461
3522
3462
3523
3463
3524
3464
3525
3465
3526
3466
3527
3467
3528
3468
3529
3469
3530
3470
3531
3471
3532
3533
3473
3534
3474
3535
3475
3536
3476
3537
3477
3538
3478
3539
3479
3540
3480
3541
3481
3542
3482
3543
3483
3544
3484
3545
3485
3546
3486
3547
3487
3548
3488
3549
3489
3550
3490
3551
3491
3552
3492
3553
3493
3554
3494
3555
3495
3556
3496
3557
3497
3558
3498
3559
3499
3560
3500
3561
3501
3562
3502
3563
3503
3564
3504
3565
3505
3566
3506
3567
3507
3568
3508
3569
3509
3570
3510
3571
3511
3572
3512
3573
3513
3574
3514
3575
3515
3576
3516
3577
3517
3578
3518
3579
3519
3580
3520
3581
3521
3582
3522
3583
3523
3584
3524
3585
3525
3586
3526
3587
3527
3588
3528
3589
3529
3590
3530
3591
3531
3592
3532
3593
3533
3594
3595
3535
3596
3536
3597
3537
3598
3538
3599
3539
3600
3540
3601
3541
3602
3542
3603
3543
3604
3544
3605
3545
3606
3546
3607
3547
3608
3548
3609
3549
3610
3550
3611
3551
3612
3552
3613
3553
3614
3554
3615
3555
3616
3556
3617
3557
3618
3558
3619
3559
3620
3560
3621
3561
3622
3562
3623
3563
3624
3564
3625
3565
3626
3566
3627
3567
3628
3568
3629
3569
3630
3570
3631
3571
3632
3572
3633
3573
3634
3574
3635
3575
3636
3576
3637
3577
3638
3578
3639
3579
3640
3580
3641
3581
3642
3582
3643
3583
3644
3584
3645
3585
3646
3586
3647
3587
3648
3588
3649
3589
3650
3590
3651
3591
3652
3592
3653
3593
3654
3594
3655
3595
3656
3657
3597
3658
3598
3659
3599
3660
3600
3661
3601
3662
3602
3663
3603
3664
3604
3665
3605
3666
3606
3667
3607
3668
3608
3669
3609
3670
3610
3671
3611
3672
3612
3673
3613
3674
3614
3675
3615
3676
3616
3677
3617
3678
3618
3679
3619
3680
3620
3681
3621
3682
3622
3683
3623
3684
3624
3685
3625
3686
3626
3687
3627
3688
3628
3689
3629
3690
3630
3691
3631
3692
3632
3693
3633
3694
3634
3695
3635
3696
3636
3697
3637
3698
3638
3699
3639
3700
3640
3701
3641
3702
3642
3703
3643
3704
3644
3705
3645
3706
3646
3707
3647
3708
3648
3709
3649
3710
3650
3711
3651
3712
3652
3713
3653
3714
3654
3715
3655
3716
3656
3717
3657
3718
3719
3659
3720
3660
3721
3661
3722
3662
3723
3663
3724
3664
3725
3665
3726
3666
3727
3667
3728
3668
3729
3669
3730
3670
3731
3671
3732
3672
3733
3673
3734
3674
3735
3675
3736
3676
3737
3677
3738
3678
3739
3679
3740
3680
3741
3681
3742
3682
3743
3683
3744
3684
3745
3685
3746
3686
3747
3687
3748
3688
3749
3689
3750
3690
3751
3691
3752
3692
3753
3693
3754
3694
3755
3695
3756
3696
3757
3697
3758
3698
3759
3699
3760
3700
3761
3701
3762
3702
3763
3703
3764
3704
3765
3705
3766
3706
3767
3707
3768
3708
3769
3709
3770
3710
3771
3711
3772
3712
3773
3713
3774
3714
3775
3715
3776
3716
3777
3717
3778
3718
3779
3719
3780
3781
3721
3782
3722
3783
3723
3784
3724
3785
3725
3786
3726
3787
3727
3788
3728
3789
3729
3790
3730
3791
3731
3792
3732
3793
3733
3794
3734
3795
3735
3796
3736
3797
3737
3798
3738
3799
3739
3800
3740
3801
3741
3802
3742
3803
3743
3804
3744
3805
3745
3806
3746
3807
3747
3808
3748
3809
3749
3810
3750
3811
3751
3812
3752
3813
3753
3814
3754
3815
3755
3816
3756
3817
3757
3818
3758
3819
3759
3820
3760
3821
3761
3822
3762
3823
3763
3824
3764
3825
3765
3826
3766
3827
3767
3828
3768
3829
3769
3830
3770
3831
3771
3832
3772
3833
3773
3834
3774
3835
3775
3836
3776
3837
3777
3838
3778
3839
3779
3840
3780
3841
3781
3842
3843
3783
3844
3784
3845
3785
3846
3786
3847
3787
3848
3788
3849
3789
3850
3790
3851
3791
3852
3792
3853
3793
3854
3794
3855
3795
3856
3796
3857
3797
3858
3798
3859
3799
3860
3800
3861
3801
3862
3802
3863
3803
3864
3804
3865
3805
3866
3806
3867
3807
3868
3808
3869
3809
3870
3810
3871
3811
3872
3812
3873
3813
3874
3814
3875
3815
3876
3816
3877
3817
3878
3818
3879
3819
3880
3820
3881
3821
3882
3822
3883
3823
3884
3824
3885
3825
3886
3826
3887
3827
3888
3828
3889
3829
3890
3830
3891
3831
3892
3832
3893
3833
3894
3834
3895
3835
3896
3836
3897
3837
3898
3838
3899
3839
3900
3840
3901
3841
3902
3842
3903
3843
3904
3905
3845
3906
3846
3907
3847
3908
3848
3909
3849
3910
3850
3911
3851
3912
3852
3913
3853
3914
3854
3915
3855
3916
3856
3917
3857
3918
3858
3919
3859
3920
3860
3921
3861
3922
3862
3923
3863
3924
3864
3925
3865
3926
3866
3927
3867
3928
3868
3929
3869
3930
3870
3931
3871
3932
3872
3933
3873
3934
3874
3935
3875
3936
3876
3937
3877
3938
3878
3939
3879
3940
3880
3941
3881
3942
3882
3943
3883
3944
3884
3945
3885
3946
3886
3947
3887
3948
3888
3949
3889
3950
3890
3951
3891
3952
3892
3953
3893
3954
3894
3955
3895
3956
3896
3957
3897
3958
3898
3959
3899
3960
3900
3961
3901
3962
3902
3963
3903
3964
3904
3965
3905
3966
3967
3907
3968
3908
3969
3909
3970
3910
3971
3911
3972
3912
3973
3913
3974
3914
3975
3915
3976
3916
3977
3917
3978
3918
3979
3919
3980
3920
3981
3921
3982
3922
3983
3923
3984
3924
3985
3925
3986
3926
3987
3927
3988
3928
3989
3929
3990
3930
3991
3931
3992
3932
3993
3933
3994
3934
3995
3935
3996
3936
3997
3937
3998
3938
3999
3939
4000
3940
4001
3941
4002
3942
4003
3943
4004
3944
4005
3945
4006
3946
4007
3947
4008
3948
4009
3949
4010
3950
4011
3951
4012
3952
4013
3953
4014
3954
4015
3955
4016
3956
4017
3957
4018
3958
4019
3959
4020
3960
4021
3961
4022
3962
4023
3963
4024
3964
4025
3965
4026
3966
4027
3967
4028
4029
3969
4030
3970
4031
3971
4032
3972
4033
3973
4034
3974
4035
3975
4036
3976
4037
3977
4038
3978
4039
3979
4040
3980
4041
3981
4042
3982
4043
3983
4044
3984
4045
3985
4046
3986
4047
3987
4048
3988
4049
3989
4050
3990
4051
3991
4052
3992
4053
3993
4054
3994
4055
3995
4056
3996
4057
3997
4058
3998
4059
3999
4060
4000
4061
4001
4062
4002
4063
4003
4064
4004
4065
4005
4066
4006
4067
4007
4068
4008
4069
4009
4070
4010
4071
4011
4072
4012
4073
4013
4074
4014
4075
4015
4076
4016
4077
4017
4078
4018
4079
4019
4080
4020
4081
4021
4082
4022
4083
4023
4084
4024
4085
4025
4086
4026
4087
4027
4088
4028
4089
4029
4090
4091
4031
4092
4032
4093
4033
4094
4034
4095
4035
4096
4036
4097
4037
4098
4038
4099
4039
4100
4040
4101
4041
4102
4042
4103
4043
4104
4044
4105
4045
4106
4046
4107
4047
4108
4048
4109
4049
4110
4050
4111
4051
4112
4052
4113
4053
4114
4054
4115
4055
4116
4056
4117
4057
4118
4058
4119
4059
4120
4060
4121
4061
4122
4062
4123
4063
4124
4064
4125
4065
4126
4066
4127
4067
4128
4068
4129
4069
4130
4070
4131
4071
4132
4072
4133
4073
4134
4074
4135
4075
4136
4076
4137
4077
4138
4078
4139
4079
4140
4080
4141
4081
4142
4082
4143
4083
4144
4084
4145
4085
4146
4086
4147
4087
4148
4088
4149
4089
4150
4090
4151
4091
4152
4153
4093
4154
4094
4155
4095
4156
4096
4157
4097
4158
4098
4159
4099
4160
4100
4161
4101
4162
4102
4163
4103
4164
4104
4165
4105
4166
4106
4167
4107
4168
4108
4169
4109
4170
4110
4171
4111
4172
4112
4173
4113
4174
4114
4175
4115
4176
4116
4177
4117
4178
4118
4179
4119
4180
4120
4181
4121
4182
4122
4183
4123
4184
4124
4185
4125
4186
4126
4187
4127
4188
4128
4189
4129
4190
4130
4191
4131
4192
4132
4193
4133
4194
4134
4195
4135
4196
4136
4197
4137
4198
4138
4199
4139
4200
4140
4201
4141
4202
4142
4203
4143
4204
4144
4205
4145
4206
4146
4207
4147
4208
4148
4209
4149
4210
4150
4211
4151
4212
4152
4213
4153
4214
4215
4155
4216
4156
4217
4157
4218
4158
4219
4159
4220
4160
4221
4161
4222
4162
4223
4163
4224
4164
4225
4165
4226
4166
4227
4167
4228
4168
4229
4169
4230
4170
4231
4171
4232
4172
4233
4173
4234
4174
4235
4175
4236
4176
4237
4177
4238
4178
4239
4179
4240
4180
4241
4181
4242
4182
4243
4183
4244
4184
4245
4185
4246
4186
4247
4187
4248
4188
4249
4189
4250
4190
4251
4191
4252
4192
4253
4193
4254
4194
4255
4195
4256
4196
4257
4197
4258
4198
4259
4199
4260
4200
4261
4201
4262
4202
4263
4203
4264
4204
4265
4205
4266
4206
4267
4207
4268
4208
4269
4209
4270
4210
4271
4211
4272
4212
4273
4213
4274
4214
4275
4215
4276
4277
4217
4278
4218
4279
4219
4280
4220
4281
4221
4282
4222
4283
4223
4284
4224
4285
4225
4286
4226
4287
4227
4288
4228
4289
4229
4290
4230
4291
4231
4292
4232
4293
4233
4294
4234
4295
4235
4296
4236
4297
4237
4298
4238
4299
4239
4300
4240
4301
4241
4302
4242
4303
4243
4304
4244
4305
4245
4306
4246
4307
4247
4308
4248
4309
4249
4310
4250
4311
4251
4312
4252
4313
4253
4314
4254
4315
4255
4316
4256
4317
4257
4318
4258
4319
4259
4320
4260
4321
4261
4322
4262
4323
4263
4324
4264
4325
4265
4326
4266
4327
4267
4328
4268
4329
4269
4330
4270
4331
4271
4332
4272
4333
4273
4334
4274
4335
4275
4336
4276
4337
4277
4338
4339
4279
4340
4280
4341
4281
4342
4282
4343
4283
4344
4284
4345
4285
4346
4286
4347
4287
4348
4288
4349
4289
4350
4290
4351
4291
4352
4292
4353
4293
4354
4294
4355
4295
4356
4296
4357
4297
4358
4298
4359
4299
4360
4300
4361
4301
4362
4302
4363
4303
4364
4304
4365
4305
4366
4306
4367
4307
4368
4308
4369
4309
4370
4310
4371
4311
4372
4312
4373
4313
4374
4314
4375
4315
4376
4316
4377
4317
4378
4318
4379
4319
4380
4320
4381
4321
4382
4322
4383
4323
4384
4324
4385
4325
4386
4326
4387
4327
4388
4328
4389
4329
4390
4330
4391
4331
4392
4332
4393
4333
4394
4334
4395
4335
4396
4336
4397
4337
4398
4338
4399
4339
4400
4401
4341
4402
4342
4403
4343
4404
4344
4405
4345
4406
4346
4407
4347
4408
4348
4409
4349
4410
4350
4411
4351
4412
4352
4413
4353
4414
4354
4415
4355
4416
4356
4417
4357
4418
4358
4419
4359
4420
4360
4421
4361
4422
4362
4423
4363
4424
4364
4425
4365
4426
4366
4427
4367
4428
4368
4429
4369
4430
4370
4431
4371
4432
4372
4433
4373
4434
4374
4435
4375
4436
4376
4437
4377
4438
4378
4439
4379
4440
4380
4441
4381
4442
4382
4443
4383
4444
4384
4445
4385
4446
4386
4447
4387
4448
4388
4449
4389
4450
4390
4451
4391
4452
4392
4453
4393
4454
4394
4455
4395
4456
4396
4457
4397
4458
4398
4459
4399
4460
4400
4461
4401
4462
4463
4403
4464
4404
4465
4405
4466
4406
4467
4407
4468
4408
4469
4409
4470
4410
4471
4411
4472
4412
4473
4413
4474
4414
4475
4415
4476
4416
4477
4417
4478
4418
4479
4419
4480
4420
4481
4421
4482
4422
4483
4423
4484
4424
4485
4425
4486
4426
4487
4427
4488
4428
4489
4429
4490
4430
4491
4431
4492
4432
4493
4433
4494
4434
4495
4435
4496
4436
4497
4437
4498
4438
4499
4439
4500
4440
4501
4441
4502
4442
4503
4443
4504
4444
4505
4445
4506
4446
4507
4447
4508
4448
4509
4449
4510
4450
4511
4451
4512
4452
4513
4453
4514
4454
4515
4455
4516
4456
4517
4457
4518
4458
4519
4459
4520
4460
4521
4461
4522
4462
4523
4463
4524
4525
4465
4526
4466
4527
4467
4528
4468
4529
4469
4530
4470
4531
4471
4532
4472
4533
4473
4534
4474
4535
4475
4536
4476
4537
4477
4538
4478
4539
4479
4540
4480
4541
4481
4542
4482
4543
4483
4544
4484
4545
4485
4546
4486
4547
4487
4548
4488
4549
4489
4550
4490
4551
4491
4552
4492
4553
4493
4554
4494
4555
4495
4556
4496
4557
4497
4558
4498
4559
4499
4560
4500
4561
4501
4562
4502
4563
4503
4564
4504
4565
4505
4566
4506
4567
4507
4568
4508
4569
4509
4570
4510
4571
4511
4572
4512
4573
4513
4574
4514
4575
4515
4576
4516
4577
4517
4578
4518
4579
4519
4580
4520
4581
4521
4582
4522
4583
4523
4584
4524
4585
4525
4586
4587
4527
4588
4528
4589
4529
4590
4530
4591
4531
4592
4532
4593
4533
4594
4534
4595
4535
4596
4536
4597
4537
4598
4538
4599
4539
4600
4540
4601
4541
4602
4542
4603
4543
4604
4544
4605
4545
4606
4546
4607
4547
4608
4548
4609
4549
4610
4550
4611
4551
4612
4552
4613
4553
4614
4554
4615
4555
4616
4556
4617
4557
4618
4558
4619
4559
4620
4560
4621
4561
4622
4562
4623
4563
4624
4564
4625
4565
4626
4566
4627
4567
4628
4568
4629
4569
4630
4570
4631
4571
4632
4572
4633
4573
4634
4574
4635
4575
4636
4576
4637
4577
4638
4578
4639
4579
4640
4580
4641
4581
4642
4582
4643
4583
4644
4584
4645
4585
4646
4586
4647
4587
4648
4649
4589
4650
4590
4651
4591
4652
4592
4653
4593
4654
4594
4655
4595
4656
4596
4657
4597
4658
4598
4659
4599
4660
4600
4661
4601
4662
4602
4663
4603
4664
4604
4665
4605
4666
4606
4667
4607
4668
4608
4669
4609
4670
4610
4671
4611
4672
4612
4673
4613
4674
4614
4675
4615
4676
4616
4677
4617
4678
4618
4679
4619
4680
4620
4681
4621
4682
4622
4683
4623
4684
4624
4685
4625
4686
4626
4687
4627
4688
4628
4689
4629
4690
4630
4691
4631
4692
4632
4693
4633
4694
4634
4695
4635
4696
4636
4697
4637
4698
4638
4699
4639
4700
4640
4701
4641
4702
4642
4703
4643
4704
4644
4705
4645
4706
4646
4707
4647
4708
4648
4709
4649
4710
4711
4651
4712
4652
4713
4653
4714
4654
4715
4655
4716
4656
4717
4657
4718
4658
4719
4659
4720
4660
4721
4661
4722
4662
4723
4663
4724
4664
4725
4665
4726
4666
4727
4667
4728
4668
4729
4669
4730
4670
4731
4671
4732
4672
4733
4673
4734
4674
4735
4675
4736
4676
4737
4677
4738
4678
4739
4679
4740
4680
4741
4681
4742
4682
4743
4683
4744
4684
4745
4685
4746
4686
4747
4687
4748
4688
4749
4689
4750
4690
4751
4691
4752
4692
4753
4693
4754
4694
4755
4695
4756
4696
4757
4697
4758
4698
4759
4699
4760
4700
4761
4701
4762
4702
4763
4703
4764
4704
4765
4705
4766
4706
4767
4707
4768
4708
4769
4709
4770
4710
4771
4711
4772
4773
4713
4774
4714
4775
4715
4776
4716
4777
4717
4778
4718
4779
4719
4780
4720
4781
4721
4782
4722
4783
4723
4784
4724
4785
4725
4786
4726
4787
4727
4788
4728
4789
4729
4790
4730
4791
4731
4792
4732
4793
4733
4794
4734
4795
4735
4796
4736
4797
4737
4798
4738
4799
4739
4800
4740
4801
4741
4802
4742
4803
4743
4804
4744
4805
4745
4806
4746
4807
4747
4808
4748
4809
4749
4810
4750
4811
4751
4812
4752
4813
4753
4814
4754
4815
4755
4816
4756
4817
4757
4818
4758
4819
4759
4820
4760
4821
4761
4822
4762
4823
4763
4824
4764
4825
4765
4826
4766
4827
4767
4828
4768
4829
4769
4830
4770
4831
4771
4832
4772
4833
4773
4834
4835
4775
4836
4776
4837
4777
4838
4778
4839
4779
4840
4780
4841
4781
4842
4782
4843
4783
4844
4784
4845
4785
4846
4786
4847
4787
4848
4788
4849
4789
4850
4790
4851
4791
4852
4792
4853
4793
4854
4794
4855
4795
4856
4796
4857
4797
4858
4798
4859
4799
4860
4800
4861
4801
4862
4802
4863
4803
4864
4804
4865
4805
4866
4806
4867
4807
4868
4808
4869
4809
4870
4810
4871
4811
4872
4812
4873
4813
4874
4814
4875
4815
4876
4816
4877
4817
4878
4818
4879
4819
4880
4820
4881
4821
4882
4822
4883
4823
4884
4824
4885
4825
4886
4826
4887
4827
4888
4828
4889
4829
4890
4830
4891
4831
4892
4832
4893
4833
4894
4834
4895
4835
4896
4897
4837
4898
4838
4899
4839
4900
4840
4901
4841
4902
4842
4903
4843
4904
4844
4905
4845
4906
4846
4907
4847
4908
4848
4909
4849
4910
4850
4911
4851
4912
4852
4913
4853
4914
4854
4915
4855
4916
4856
4917
4857
4918
4858
4919
4859
4920
4860
4921
4861
4922
4862
4923
4863
4924
4864
4925
4865
4926
4866
4927
4867
4928
4868
4929
4869
4930
4870
4931
4871
4932
4872
4933
4873
4934
4874
4935
4875
4936
4876
4937
4877
4938
4878
4939
4879
4940
4880
4941
4881
4942
4882
4943
4883
4944
4884
4945
4885
4946
4886
4947
4887
4948
4888
4949
4889
4950
4890
4951
4891
4952
4892
4953
4893
4954
4894
4955
4895
4956
4896
4957
4897
4958
4959
4899
4960
4900
4961
4901
4962
4902
4963
4903
4964
4904
4965
4905
4966
4906
4967
4907
4968
4908
4969
4909
4970
4910
4971
4911
4972
4912
4973
4913
4974
4914
4975
4915
4976
4916
4977
4917
4978
4918
4979
4919
4980
4920
4981
4921
4982
4922
4983
4923
4984
4924
4985
4925
4986
4926
4987
4927
4988
4928
4989
4929
4990
4930
4991
4931
4992
4932
4993
4933
4994
4934
4995
4935
4996
4936
4997
4937
4998
4938
4999
4939
5000
4940
5001
4941
5002
4942
5003
4943
5004
4944
5005
4945
5006
4946
5007
4947
5008
4948
5009
4949
5010
4950
5011
4951
5012
4952
5013
4953
5014
4954
5015
4955
5016
4956
5017
4957
5018
4958
5019
4959
5020
5021
4961
5022
4962
5023
4963
5024
4964
5025
4965
5026
4966
5027
4967
5028
4968
5029
4969
5030
4970
5031
4971
5032
4972
5033
4973
5034
4974
5035
4975
5036
4976
5037
4977
5038
4978
5039
4979
5040
4980
5041
4981
5042
4982
5043
4983
5044
4984
5045
4985
5046
4986
5047
4987
5048
4988
5049
4989
5050
4990
5051
4991
5052
4992
5053
4993
5054
4994
5055
4995
5056
4996
5057
4997
5058
4998
5059
4999
5060
5000
5061
5001
5062
5002
5063
5003
5064
5004
5065
5005
5066
5006
5067
5007
5068
5008
5069
5009
5070
5010
5071
5011
5072
5012
5073
5013
5074
5014
5075
5015
5076
5016
5077
5017
5078
5018
5079
5019
5080
5020
5081
5021
5082
5083
5023
5084
5024
5085
5025
5086
5026
5087
5027
5088
5028
5089
5029
5090
5030
5091
5031
5092
5032
5093
5033
5094
5034
5095
5035
5096
5036
5097
5037
5098
5038
5099
5039
5100
5040
5101
5041
5102
5042
5103
5043
5104
5044
5105
5045
5106
5046
5107
5047
5108
5048
5109
5049
5110
5050
5111
5051
5112
5052
5113
5053
5114
5054
5115
5055
5116
5056
5117
5057
5118
5058
5119
5059
5120
5060
5121
5061
5122
5062
5123
5063
5124
5064
5125
5065
5126
5066
5127
5067
5128
5068
5129
5069
5130
5070
5131
5071
5132
5072
5133
5073
5134
5074
5135
5075
5136
5076
5137
5077
5138
5078
5139
5079
5140
5080
5141
5081
5142
5082
5143
5083
5144
5145
5085
5146
5086
5147
5087
5148
5088
5149
5089
5150
5090
5151
5091
5152
5092
5153
5093
5154
5094
5155
5095
5156
5096
5157
5097
5158
5098
5159
5099
5160
5100
5161
5101
5162
5102
5163
5103
5164
5104
5165
5105
5166
5106
5167
5107
5168
5108
5169
5109
5170
5110
5171
5111
5172
5112
5173
5113
5174
5114
5175
5115
5176
5116
5177
5117
5178
5118
5179
5119
5180
5120
5181
5121
5182
5122
5183
5123
5184
5124
5185
5125
5186
5126
5187
5127
5188
5128
5189
5129
5190
5130
5191
5131
5192
5132
5193
5133
5194
5134
5195
5135
5196
5136
5197
5137
5198
5138
5199
5139
5200
5140
5201
5141
5202
5142
5203
5143
5204
5144
5205
5145
5206
5207
5147
5208
5148
5209
5149
5210
5150
5211
5151
5212
5152
5213
5153
5214
5154
5215
5155
5216
5156
5217
5157
5218
5158
5219
5159
5220
5160
5221
5161
5222
5162
5223
5163
5224
5164
5225
5165
5226
5166
5227
5167
5228
5168
5229
5169
5230
5170
5231
5171
5232
5172
5233
5173
5234
5174
5235
5175
5236
5176
5237
5177
5238
5178
5239
5179
5240
5180
5241
5181
5242
5182
5243
5183
5244
5184
5245
5185
5246
5186
5247
5187
5248
5188
5249
5189
5250
5190
5251
5191
5252
5192
5253
5193
5254
5194
5255
5195
5256
5196
5257
5197
5258
5198
5259
5199
5260
5200
5261
5201
5262
5202
5263
5203
5264
5204
5265
5205
5266
5206
5267
5207
5268
5269
5209
5270
5210
5271
5211
5272
5212
5273
5213
5274
5214
5275
5215
5276
5216
5277
5217
5278
5218
5279
5219
5280
5220
5281
5221
5282
5222
5283
5223
5284
5224
5285
5225
5286
5226
5287
5227
5288
5228
5289
5229
5290
5230
5291
5231
5292
5232
5293
5233
5294
5234
5295
5235
5296
5236
5297
5237
5298
5238
5299
5239
5300
5240
5301
5241
5302
5242
5303
5243
5304
5244
5305
5245
5306
5246
5307
5247
5308
5248
5309
5249
5310
5250
5311
5251
5312
5252
5313
5253
5314
5254
5315
5255
5316
5256
5317
5257
5318
5258
5319
5259
5320
5260
5321
5261
5322
5262
5323
5263
5324
5264
5325
5265
5326
5266
5327
5267
5328
5268
5329
5269
5330
5331
5271
5332
5272
5333
5273
5334
5274
5335
5275
5336
5276
5337
5277
5338
5278
5339
5279
5340
5280
5341
5281
5342
5282
5343
5283
5344
5284
5345
5285
5346
5286
5347
5287
5348
5288
5349
5289
5350
5290
5351
5291
5352
5292
5353
5293
5354
5294
5355
5295
5356
5296
5357
5297
5358
5298
5359
5299
5360
5300
5361
5301
5362
5302
5363
5303
5364
5304
5365
5305
5366
5306
5367
5307
5368
5308
5369
5309
5370
5310
5371
5311
5372
5312
5373
5313
5374
5314
5375
5315
5376
5316
5377
5317
5378
5318
5379
5319
5380
5320
5381
5321
5382
5322
5383
5323
5384
5324
5385
5325
5386
5326
5387
5327
5388
5328
5389
5329
5390
5330
5391
5331
5392
5393
5333
5394
5334
5395
5335
5396
5336
5397
5337
5398
5338
5399
5339
5400
5340
5401
5341
5402
5342
5403
5343
5404
5344
5405
5345
5406
5346
5407
5347
5408
5348
5409
5349
5410
5350
5411
5351
5412
5352
5413
5353
5414
5354
5415
5355
5416
5356
5417
5357
5418
5358
5419
5359
5420
5360
5421
5361
5422
5362
5423
5363
5424
5364
5425
5365
5426
5366
5427
5367
5428
5368
5429
5369
5430
5370
5431
5371
5432
5372
5433
5373
5434
5374
5435
5375
5436
5376
5437
5377
5438
5378
5439
5379
5440
5380
5441
5381
5442
5382
5443
5383
5444
5384
5445
5385
5446
5386
5447
5387
5448
5388
5449
5389
5450
5390
5451
5391
5452
5392
5453
5393
5454
5455
5395
5456
5396
5457
5397
5458
5398
5459
5399
5460
5400
5461
5401
5462
5402
5463
5403
5464
5404
5465
5405
5466
5406
5467
5407
5468
5408
5469
5409
5470
5410
5471
5411
5472
5412
5473
5413
5474
5414
5475
5415
5476
5416
5477
5417
5478
5418
5479
5419
5480
5420
5481
5421
5482
5422
5483
5423
5484
5424
5485
5425
5486
5426
5487
5427
5488
5428
5489
5429
5490
5430
5491
5431
5492
5432
5493
5433
5494
5434
5495
5435
5496
5436
5497
5437
5498
5438
5499
5439
5500
5440
5501
5441
5502
5442
5503
5443
5504
5444
5505
5445
5506
5446
5507
5447
5508
5448
5509
5449
5510
5450
5511
5451
5512
5452
5513
5453
5514
5454
5515
5455
5516
5517
5457
5518
5458
5519
5459
5520
5460
5521
5461
5522
5462
5523
5463
5524
5464
5525
5465
5526
5466
5527
5467
5528
5468
5529
5469
5530
5470
5531
5471
5532
5472
5533
5473
5534
5474
5535
5475
5536
5476
5537
5477
5538
5478
5539
5479
5540
5480
5541
5481
5542
5482
5543
5483
5544
5484
5545
5485
5546
5486
5547
5487
5548
5488
5549
5489
5550
5490
5551
5491
5552
5492
5553
5493
5554
5494
5555
5495
5556
5496
5557
5497
5558
5498
5559
5499
5560
5500
5561
5501
5562
5502
5563
5503
5564
5504
5565
5505
5566
5506
5567
5507
5568
5508
5569
5509
5570
5510
5571
5511
5572
5512
5573
5513
5574
5514
5575
5515
5576
5516
5577
5517
5578
5579
5519
5580
5520
5581
5521
5582
5522
5583
5523
5584
5524
5585
5525
5586
5526
5587
5527
5588
5528
5589
5529
5590
5530
5591
5531
5592
5532
5593
5533
5594
5534
5595
5535
5596
5536
5597
5537
5598
5538
5599
5539
5600
5540
5601
5541
5602
5542
5603
5543
5604
5544
5605
5545
5606
5546
5607
5547
5608
5548
5609
5549
5610
5550
5611
5551
5612
5552
5613
5553
5614
5554
5615
5555
5616
5556
5617
5557
5618
5558
5619
5559
5620
5560
5621
5561
5622
5562
5623
5563
5624
5564
5625
5565
5626
5566
5627
5567
5628
5568
5629
5569
5630
5570
5631
5571
5632
5572
5633
5573
5634
5574
5635
5575
5636
5576
5637
5577
5638
5578
5639
5579
5640
5641
5581
5642
5582
5643
5583
5644
5584
5645
5585
5646
5586
5647
5587
5648
5588
5649
5589
5650
5590
5651
5591
5652
5592
5653
5593
5654
5594
5655
5595
5656
5596
5657
5597
5658
5598
5659
5599
5660
5600
5661
5601
5662
5602
5663
5603
5664
5604
5665
5605
5666
5606
5667
5607
5668
5608
5669
5609
5670
5610
5671
5611
5672
5612
5673
5613
5674
5614
5675
5615
5676
5616
5677
5617
5678
5618
5679
5619
5680
5620
5681
5621
5682
5622
5683
5623
5684
5624
5685
5625
5686
5626
5687
5627
5688
5628
5689
5629
5690
5630
5691
5631
5692
5632
5693
5633
5694
5634
5695
5635
5696
5636
5697
5637
5698
5638
5699
5639
5700
5640
5701
5641
5702
5703
5643
5704
5644
5705
5645
5706
5646
5707
5647
5708
5648
5709
5649
5710
5650
5711
5651
5712
5652
5713
5653
5714
5654
5715
5655
5716
5656
5717
5657
5718
5658
5719
5659
5720
5660
5721
5661
5722
5662
5723
5663
5724
5664
5725
5665
5726
5666
5727
5667
5728
5668
5729
5669
5730
5670
5731
5671
5732
5672
5733
5673
5734
5674
5735
5675
5736
5676
5737
5677
5738
5678
5739
5679
5740
5680
5741
5681
5742
5682
5743
5683
5744
5684
5745
5685
5746
5686
5747
5687
5748
5688
5749
5689
5750
5690
5751
5691
5752
5692
5753
5693
5754
5694
5755
5695
5756
5696
5757
5697
5758
5698
5759
5699
5760
5700
5761
5701
5762
5702
5763
5703
5764
5765
5705
5766
5706
5767
5707
5768
5708
5769
5709
5770
5710
5771
5711
5772
5712
5773
5713
5774
5714
5775
5715
5776
5716
5777
5717
5778
5718
5779
5719
5780
5720
5781
5721
5782
5722
5783
5723
5784
5724
5785
5725
5786
5726
5787
5727
5788
5728
5789
5729
5790
5730
5791
5731
5792
5732
5793
5733
5794
5734
5795
5735
5796
5736
5797
5737
5798
5738
5799
5739
5800
5740
5801
5741
5802
5742
5803
5743
5804
5744
5805
5745
5806
5746
5807
5747
5808
5748
5809
5749
5810
5750
5811
5751
5812
5752
5813
5753
5814
5754
5815
5755
5816
5756
5817
5757
5818
5758
5819
5759
5820
5760
5821
5761
5822
5762
5823
5763
5824
5764
5825
5765
5826
5827
5767
5828
5768
5829
5769
5830
5770
5831
5771
5832
5772
5833
5773
5834
5774
5835
5775
5836
5776
5837
5777
5838
5778
5839
5779
5840
5780
5841
5781
5842
5782
5843
5783
5844
5784
5845
5785
5846
5786
5847
5787
5848
5788
5849
5789
5850
5790
5851
5791
5852
5792
5853
5793
5854
5794
5855
5795
5856
5796
5857
5797
5858
5798
5859
5799
5860
5800
5861
5801
5862
5802
5863
5803
5864
5804
5865
5805
5866
5806
5867
5807
5868
5808
5869
5809
5870
5810
5871
5811
5872
5812
5873
5813
5874
5814
5875
5815
5876
5816
5877
5817
5878
5818
5879
5819
5880
5820
5881
5821
5882
5822
5883
5823
5884
5824
5885
5825
5886
5826
5887
5827
5888
5889
5829
5890
5830
5891
5831
5892
5832
5893
5833
5894
5834
5895
5835
5896
5836
5897
5837
5898
5838
5899
5839
5900
5840
5901
5841
5902
5842
5903
5843
5904
5844
5905
5845
5906
5846
5907
5847
5908
5848
5909
5849
5910
5850
5911
5851
5912
5852
5913
5853
5914
5854
5915
5855
5916
5856
5917
5857
5918
5858
5919
5859
5920
5860
5921
5861
5922
5862
5923
5863
5924
5864
5925
5865
5926
5866
5927
5867
5928
5868
5929
5869
5930
5870
5931
5871
5932
5872
5933
5873
5934
5874
5935
5875
5936
5876
5937
5877
5938
5878
5939
5879
5940
5880
5941
5881
5942
5882
5943
5883
5944
5884
5945
5885
5946
5886
5947
5887
5948
5888
5949
5889
5950
5951
5891
5952
5892
5953
5893
5954
5894
5955
5895
5956
5896
5957
5897
5958
5898
5959
5899
5960
5900
5961
5901
5962
5902
5963
5903
5964
5904
5965
5905
5966
5906
5967
5907
5968
5908
5969
5909
5970
5910
5971
5911
5972
5912
5973
5913
5974
5914
5975
5915
5976
5916
5977
5917
5978
5918
5979
5919
5980
5920
5981
5921
5982
5922
5983
5923
5984
5924
5985
5925
5986
5926
5987
5927
5988
5928
5989
5929
5990
5930
5991
5931
5992
5932
5993
5933
5994
5934
5995
5935
5996
5936
5997
5937
5998
5938
5999
5939
6000
5940
6001
5941
6002
5942
6003
5943
6004
5944
6005
5945
6006
5946
6007
5947
6008
5948
6009
5949
6010
5950
6011
5951
6012
6013
5953
6014
5954
6015
5955
6016
5956
6017
5957
6018
5958
6019
5959
6020
5960
6021
5961
6022
5962
6023
5963
6024
5964
6025
5965
6026
5966
6027
5967
6028
5968
6029
5969
6030
5970
6031
5971
6032
5972
6033
5973
6034
5974
6035
5975
6036
5976
6037
5977
6038
5978
6039
5979
6040
5980
6041
5981
6042
5982
6043
5983
6044
5984
6045
5985
6046
5986
6047
5987
6048
5988
6049
5989
6050
5990
6051
5991
6052
5992
6053
5993
6054
5994
6055
5995
6056
5996
6057
5997
6058
5998
6059
5999
6060
6000
6061
6001
6062
6002
6063
6003
6064
6004
6065
6005
6066
6006
6067
6007
6068
6008
6069
6009
6070
6010
6071
6011
6072
6012
6073
6013
6074
6075
6015
6076
6016
6077
6017
6078
6018
6079
6019
6080
6020
6081
6021
6082
6022
6083
6023
6084
6024
6085
6025
6086
6026
6087
6027
6088
6028
6089
6029
6090
6030
6091
6031
6092
6032
6093
6033
6094
6034
6095
6035
6096
6036
6097
6037
6098
6038
6099
6039
6100
6040
6101
6041
6102
6042
6103
6043
6104
6044
6105
6045
6106
6046
6107
6047
6108
6048
6109
6049
6110
6050
6111
6051
6112
6052
6113
6053
6114
6054
6115
6055
6116
6056
6117
6057
6118
6058
6119
6059
6120
6060
6121
6061
6122
6062
6123
6063
6124
6064
6125
6065
6126
6066
6127
6067
6128
6068
6129
6069
6130
6070
6131
6071
6132
6072
6133
6073
6134
6074
6135
6075
6136
6137
6077
6138
6078
6139
6079
6140
6080
6141
6081
6142
6082
6143
6083
6144
6084
6145
6085
6146
6086
6147
6087
6148
6088
6149
6089
6150
6090
6151
6091
6152
6092
6153
6093
6154
6094
6155
6095
6156
6096
6157
6097
6158
6098
6159
6099
6160
6100
6161
6101
6162
6102
6163
6103
6164
6104
6165
6105
6166
6106
6167
6107
6168
6108
6169
6109
6170
6110
6171
6111
6172
6112
6173
6113
6174
6114
6175
6115
6176
6116
6177
6117
6178
6118
6179
6119
6180
6120
6181
6121
6182
6122
6183
6123
6184
6124
6185
6125
6186
6126
6187
6127
6188
6128
6189
6129
6190
6130
6191
6131
6192
6132
6193
6133
6194
6134
6195
6135
6196
6136
6197
6137
6198
6199
6139
6200
6140
6201
6141
6202
6142
6203
6143
6204
6144
6205
6145
6206
6146
6207
6147
6208
6148
6209
6149
6210
6150
6211
6151
6212
6152
6213
6153
6214
6154
6215
6155
6216
6156
6217
6157
6218
6158
6219
6159
6220
6160
6221
6161
6222
6162
6223
6163
6224
6164
6225
6165
6226
6166
6227
6167
6228
6168
6229
6169
6230
6170
6231
6171
6232
6172
6233
6173
6234
6174
6235
6175
6236
6176
6237
6177
6238
6178
6239
6179
6240
6180
6241
6181
6242
6182
6243
6183
6244
6184
6245
6185
6246
6186
6247
6187
6248
6188
6249
6189
6250
6190
6251
6191
6252
6192
6253
6193
6254
6194
6255
6195
6256
6196
6257
6197
6258
6198
6259
6199
6260
6261
6201
6262
6202
6263
6203
6264
6204
6265
6205
6266
6206
6267
6207
6268
6208
6269
6209
6270
6210
6271
6211
6272
6212
6273
6213
6274
6214
6275
6215
6276
6216
6277
6217
6278
6218
6279
6219
6280
6220
6281
6221
6282
6222
6283
6223
6284
6224
6285
6225
6286
6226
6287
6227
6288
6228
6289
6229
6290
6230
6291
6231
6292
6232
6293
6233
6294
6234
6295
6235
6296
6236
6297
6237
6298
6238
6299
6239
6300
6240
6301
6241
6302
6242
6303
6243
6304
6244
6305
6245
6306
6246
6307
6247
6308
6248
6309
6249
6310
6250
6311
6251
6312
6252
6313
6253
6314
6254
6315
6255
6316
6256
6317
6257
6318
6258
6319
6259
6320
6260
6321
6261
6322
6323
6263
6324
6264
6325
6265
6326
6266
6327
6267
6328
6268
6329
6269
6330
6270
6331
6271
6332
6272
6333
6273
6334
6274
6335
6275
6336
6276
6337
6277
6338
6278
6339
6279
6340
6280
6341
6281
6342
6282
6343
6283
6344
6284
6345
6285
6346
6286
6347
6287
6348
6288
6349
6289
6350
6290
6351
6291
6352
6292
6353
6293
6354
6294
6355
6295
6356
6296
6357
6297
6358
6298
6359
6299
6360
6300
6361
6301
6362
6302
6363
6303
6364
6304
6365
6305
6366
6306
6367
6307
6368
6308
6369
6309
6370
6310
6371
6311
6372
6312
6373
6313
6374
6314
6375
6315
6376
6316
6377
6317
6378
6318
6379
6319
6380
6320
6381
6321
6382
6322
6383
6323
6384
6385
6325
6386
6326
6387
6327
6388
6328
6389
6329
6390
6330
6391
6331
6392
6332
6393
6333
6394
6334
6395
6335
6396
6336
6397
6337
6398
6338
6399
6339
6400
6340
6401
6341
6402
6342
6403
6343
6404
6344
6405
6345
6406
6346
6407
6347
6408
6348
6409
6349
6410
6350
6411
6351
6412
6352
6413
6353
6414
6354
6415
6355
6416
6356
6417
6357
6418
6358
6419
6359
6420
6360
6421
6361
6422
6362
6423
6363
6424
6364
6425
6365
6426
6366
6427
6367
6428
6368
6429
6369
6430
6370
6431
6371
6432
6372
6433
6373
6434
6374
6435
6375
6436
6376
6437
6377
6438
6378
6439
6379
6440
6380
6441
6381
6442
6382
6443
6383
6444
6384
6445
6385
6446
6447
6387
6388
6389
6390
6391
6392
6393
6394
6395
6396
6397
6398
6399
6400
6401
6402
6403
6404
6405
6406
6407
6408
6409
6410
6411
6412
6413
6414
6415
6416
6417
6418
6419
6420
6421
6422
6423
6424
6425
6426
6427
6428
6429
6430
6431
6432
6433
6434
6435
6436
6437
6438
6439
6440
6441
6442
6443
6444
6445
6446
6447
)


// ************************************************************************* //
