/*--------------------------------*- C++ -*----------------------------------*\
| =========                 |                                                 |
| \\      /  F ield         | OpenFOAM: The Open Source CFD Toolbox           |
|  \\    /   O peration     | Version:  2.4.0                                 |
|   \\  /    A nd           | Web:      www.OpenFOAM.org                      |
|    \\/     M anipulation  |                                                 |
\*---------------------------------------------------------------------------*/
FoamFile
{
    version     2.0;
    format      ascii;
    class       volScalarField;
    object      ktrans;
}
// * * * * * * * * * * * * * * * * * * * * * * * * * * * * * * * * * * * * * //

dimensions      [0 0 -1 0 0 0 0];

internalField   nonuniform List<scalar>
6448
(
0
0
0
0
0
0
0
0
0
0
0
0
0
0
0
0
0
0
0
0
0
0
0
0
0
0
0
0
0
0
0
0
0
0
0
0
0
0
0
0
0
0
0
0
0
0
0
0
0
0
0
0
0
0
0
0
0
0
0
0
0
0
0
0
0
0
0
0
0
0
0
0
0
0
0
0
0
0
0
0
0
0
0
0
0
0
0
0
0
0
0
0
0
0
0
0
0
0
0
0
0
0
0
0
0
0
0
0
0
0
0
0
0
0
0
0
0
0
0
0
0
0
0
0
0
0
0
0
0
0
0
0
0
0
0
0
0
0
0
0
0
0
0
0
0
0
0
0
0
0
0
0
0
0
0
0
0
0
0
0
0
0
0
0
0
0
0
0
0
0
0
0
0
0
0
0
0
0
0
0
0
0
0
0
0
0
0
0
0
0
0
0
0
0
0
0
0
0
0
0
0
0
0
0
0
0
0
0
0
0
0
0
0
0
0
0
0
0
0
0
0
0
0
0
0
0
0
0
0
0
0
0
0
0
0
0
0
0
0
0
0
0
0
0
0
0
0
0
0
0
0
0
0
0
0
0
0
0
0
0
0
0
0
0
0
0
0
0
0
0
0
0
0
0
0
0
0
0
0
0
0
0
0
0
0
0
0
0
0
0
0
0
0
0
0
0
0
0
0
0
0
0
0
0
0
0
0
0
0
0
0
0
0
0
0
0
0
0
0
0
0
0
0
0
0
0
0
0
0
0
0
0
0
0
0
0
0
0
0
0
0
0
0
0
0
0
0
0
0
0
0
0
0
0
0
0
0
0
0
0
0
0
0
0
0
0
0
0
0
0
0
0
0
0
0
0
0
0
0
0
0
0
0
0
0
0
0
0
0
0
0
0
0
0
0
0
0
0
0
0
0
0
0
0
0
0
0
0
0
0
0
0
0
0
0
0
0
0
0
0
0
0
0
0
0
0
0
0
0
0
0
0
0
0
0
0
0
0
0
0
0
0
0
0
0
0
0
0
0
0
0
0
0
0
0
0
0
0
0
0
0
0
0
0
0
0
0
0
0
0
0
0
0
0
0
0
0
0
0
0
0
0
0
0
0
0
0
0
0
0
0
0
0
0
0
0
0
0
0
0
0
0
0
0
0
0
0
0
0
0
0
0
0
0
0
0
0
0
0
0
0
0
0
0
0
0
0
0
0
0
0
0
0
0
0
0
0
0
0
0
0
0
0
0
0
0
0
0
0
0
0
0
0
0
0
0
0
0
0
0
0
0
0
0
0
0
0
0
0
0
0
0
0
0
0
0
0
0
0
0
0
0
0
0
0
0
0
0.00599945555289060
0.00842318875763534
0.00735436336853433
0.00850141977058693
0.00733333333333333
0.00579333333333333
0.00425333333333333
0.00266562995518040
0.00171612809555875
0
0
0
0
0
0
0
0
0
0
0
0
0
0
0
0
0
0
0
0
0
0
0
0
0
0
0
0
0
0
0
0
0
0
0
0
0
0
0
0
0
0
0
0
0
0
0
0
0
0
0.00429582516204982
0.00287025985333442
0.00259110832451435
0.00318062509402080
0.00326443341617032
0.00245171779366248
0.00242021538439288
0.00616772913266442
0.00720159235746910
0.00584198219430505
0.00324797445520828
0.00189792674997325
0.00250532014189733
0.00232383990674138
0.00177196488566828
0
0
0
0
0
0
0
0
0
0
0
0
0
0
0
0
0
0
0
0
0
0
0
0
0
0
0
0
0
0
0
0
0
0
0
0
0
0
0
0
0
0
0
0
0
0
0.00495313795525942
0.00337298886265252
0.000899989153139448
0.000216219678627022
0.000267279960572850
0.000537665441177803
0.000537107505000022
0.000516264479936337
0.00271077601807255
0.00266516143912388
0.00367080273941365
0.00337773888844460
0.00234868992158388
0.00199215470507503
0.00162824242671120
0.000818076507699342
0.000894229373161875
0.00370443099081342
0.00439681213178583
0
0
0
0
0
0
0
0
0
0
0
0
0
0
0
0
0
0
0
0
0
0
0
0
0
0
0
0
0
0
0
0
0
0
0
0
0
0
0
0
0
0
0.00472070470777647
0.00295894992312115
0.00116046402795555
2.18420373173733e-06
0
0
0
0.000119533442474297
0.000571493581096448
0.00112680452508822
0.00149322031973903
0.00207837064093050
0.00234351480210960
0.00201850741088552
0.00129165052385551
0.00117276340100362
0.00158969058258609
0.00262938782750385
0
0
0
0
0
0
0
0
0
0
0
0
0
0
0
0
0
0
0
0
0
0
0
0
0
0
0
0
0
0
0
0
0
0
0
0
0
0
0
0
0
0
0
0.00479505178747698
0.00329981724702912
0.00110754091267477
9.11332899826957e-07
0
0
0
6.79641867606500e-05
0.000905085567553980
0.00114180665754957
0.00126390394123492
0.00109122391903344
0.00160435918228533
0.00229112727398148
0.00222869263504992
0.00186448583154702
0.00196627618074007
0.00248471233083698
0.00263384949072785
0.000967904887422955
0.000938255265218505
0.000824250019003865
0
0
0
0
0
0
0.00182492612542148
0.00126516612060619
0.00106459057460981
0.000937731824054022
0
0
0
0
0
0
0
0
0
0
0
0
0
0
0
0
0
0
0
0
0
0
0
0
0
0
0
0
0
0.00705743146143632
0.00445809435815723
0.00193680651164432
0.000318628371241012
0.000136622358606143
0.000158732844032789
0
5.67108262836790e-05
0.000674899679408528
0.00126169497835368
0.00151434594584245
0.00137366710200798
0.000990122065094368
0.00133933959204059
0.00200747242588353
0.00218252195608082
0.00209091947700357
0.00205213588568353
0.00210642844242010
0.00176712205908480
0.00112262637520485
0.00106334890253180
0.00108906268787370
0.00281851016330285
0
0
0
0
0
0.00144352874289671
0.00116824308922653
0.00115749094450033
0.00123200376936120
0
0
0
0
0
0
0
0
0
0
0
0
0
0
0
0
0
0
0
0
0
0
0
0
0
0
0
0
0.00736399317022408
0.00523651891366980
0.00334470981996230
0.00139825718109199
0.000230479098503273
0.000357887649466518
0.000657011561027775
0.00126319915934308
0.000932850401589310
0.000729639215915018
0.000824081507344438
0.00100295530766386
0.00105431295476208
0.00116140591871373
0.00138781145347148
0.00173524289892392
0.00172927472853368
0.00163052159867416
0.00133500777307829
0.00104130571496254
0.000755584771658647
0.000970116780820107
0.00122102724646363
0.00128327400644412
0.00270028191837837
0.00312103819252078
0
0
0
0.00225307856910025
0
0
0.00147308951260348
0.00188738828484090
0.00159863415560588
0
0
0
0
0
0
0
0
0
0
0
0
0
0
0
0
0
0
0
0
0
0
0
0
0
0
0.00710309903589887
0.00484203837337407
0.00372125986270832
0.00215262691110297
0.000789171033483152
0.000502954333807710
0.00118363284592815
0.00128854062855834
0.00122530482568289
0.00204287445502405
0.00126138584390053
0.000797340486907583
0
0
0
0
0
0
0
0
0
0
0
0.000931944351724092
0.00102385892869687
0.00122809959370752
0.00247965710491102
0
0
0.00411221713480742
0.00297052491558913
0.00255918481550040
0
0.00128178938467721
0.00218556023647145
0.00202763256644987
0
0
0
0
0
0
0
0
0
0
0
0
0
0
0
0
0
0
0
0
0
0
0
0
0
0
0.00571789163027242
0.00464267007372205
0.00331543953218163
0.00141152741474139
0.000415284603705740
0.000867770936369747
0.00176975353838343
0.00137857298864643
0.00133297267498076
0.00178798235222885
0.00312701238020465
0.00179033975160792
0
0
0
0
0
0
0
0
0
0
0
0
0
0
0.000875787016614120
0.00103730315452811
0.00709941838463412
0.00427987217269885
0.00305106633645948
0
0
0
0.00188441451571292
0.00240585034844300
0
0
0
0
0
0
0
0
0
0
0
0
0
0
0
0
0
0
0
0
0
0
0
0
0.0106328196369343
0.00815655661874830
0.00656411765591690
0.00502644440882973
0.00227350449537442
0.000687375014906500
0.000308406553500610
0.00110023790058379
0.00210793202366663
0.00187401397776160
0.00181471822337453
0.00201098538721585
0.00232494670571577
0.00284878510746217
0.00230840963702102
0
0
0
0
0
0
0
0
0
0
0
0
0
0
2.75829293603397e-05
0.00616456043180873
0.00428155563332833
0.00340993234201787
0
0
0
0
0.00191424235369788
0
0
0
0
0
0
0
0
0
0
0
0
0
0
0
0
0
0
0
0
0
0
0
0
0
0.00852326146900987
0.00711645114739445
0.00812810564286217
0.00143344190150112
0.000358621143375160
0.000656633360161705
0.00160733495171490
0.00200620724799905
0.00244384693004948
0.00260941384989262
0.00248206006824203
0.00232674680147213
0.00217490531761393
0.00240462233587235
0.00211722445963603
0
0
0
0
0
0
0
0
0
0
0
0
0
0
0.00505370749605955
0.00535659924718513
0
0.00336447520615895
0
0
0
0
0
0
0
0
0
0
0
0
0
0
0
0
0
0
0
0
0
0
0
0
0
0
0
0
0.0103590906922862
0.00951392698861885
0.00538842084957675
0.00229942580665230
0.000851974586158250
0.000452412554129570
0.00123779120264155
0.000839930998524145
0.00120578755099086
0.00245186818893268
0.00358897474964498
0.00348917246634072
0.00276492564314683
0.00247119669698997
0.00252577497866687
0.00267477211324513
0
0
0
0
0
0
0
0
0
0
0
0
0
0
0
0.00468985928215907
0
0
0.00369859125940397
0
0.00353622516452312
0
0
0.00314672195201392
0
0
0
0
0
0
0
0
0
0
0
0
0
0
0
0
0
0
0
0
0
0.0113457462347011
0.0120766413775093
0.00840591047718487
0.00396835177134697
0.00151470056863798
0.000900380385817425
0.000759353438454107
0.000837287277570963
0.000928753998247238
0.00133348147068214
0.00204275939601483
0.00403684908419258
0.00392682783314067
0.00335491733917315
0.00302680409263455
0.00256412350989893
0.00262608011691595
0
0
0
0
0
0
0
0
0
0
0
0
0
0
0
0
0
0.00396010032327708
0.00340089267945088
0
0
0.00381044587342607
0
0
0
0
0
0
0
0
0
0
0
0
0
0
0
0
0
0
0
0
0
0
0.00910145129744685
0.00993204385112590
0.0105100287628572
0.00753287984251220
0.00420944243256822
0.00213026499129823
0.000967305869984788
0.000612755064372728
0.000554671304619418
0.000864615873685655
0.00138402866888410
0.00204798384360785
0.00284624399599485
0.00290047512263092
0.00256288555497442
0.00234663055296383
0.00242240882710145
0
0
0
0
0
0
0
0
0
0
0
0
0
0
0
0
0
0
0
0.00375009923849808
0.00267661542239228
0
0.00389038542322918
0.00356095930193128
0
0
0
0
0
0
0
0
0
0
0
0
0
0
0
0
0
0
0
0
0
0.00850423050396980
0.00907506566116892
0.00812461829282527
0.00675307836132373
0.00476749207477948
0.00353529276491792
0.00179979153808392
0.000784811552342628
0.000568707238251892
0.00109230360825125
0.00183894655949707
0.00185511274119157
0.00177159290147283
0.00174211570292113
0.00196589008198002
0
0
0
0
0
0
0
0
0
0
0
0
0
0
0
0
0
0
0
0
0
0
0.00290105278814618
0
0
0
0
0
0
0
0
0
0
0
0
0
0
0
0
0
0
0
0
0
0
0
0.0100163238666921
0.00984842977896667
0.00810975205584223
0.00598778375738012
0.00464272858394632
0.00448378540671785
0.00461756583109832
0.00302273775956942
0.00138078055160636
0.00111145582010845
0.00187887371670000
0.00209878826033518
0.00151718674094231
0.00122373136833461
0.00138665853386377
0.00196746140711162
0.00235506390792402
0
0
0
0
0
0
0
0
0
0
0
0
0
0
0
0
0
0
0
0
0
0
0
0
0
0
0
0
0
0
0
0
0
0
0
0
0
0
0
0
0
0
0
0
0.00983405174036717
0.0108402444571604
0.0100110339961956
0.00658152639759367
0.00395751057178883
0.00296102239516065
0.00357412979944008
0.00430843113478613
0.00316005390289550
0.00202374077164992
0.00202163344633382
0.00238864399118080
0.00217535614039715
0.00157969545863349
0.00173271048569490
0
0.00229636268489808
0.00266458844785533
0.00275385335065447
0
0
0
0
0
0
0
0
0
0
0
0
0
0
0
0
0
0
0
0
0
0
0
0
0
0
0
0
0
0
0
0
0
0
0
0
0
0
0
0
0
0
0
0.00851443211320307
0.00906515468639620
0.00786996386744082
0.00499639493310387
0.00269798711988830
0.00188627085151778
0.00215230298339082
0.00265048257468627
0.00228713172347497
0.00197948521705480
0.00228191516343255
0.00266206760577313
0.00253889160027298
0.00249555262485678
0.00268846940435767
0.00292915876988450
0.00308537641902028
0.00297816017905940
0.00264056826009543
0.00234284274458778
0
0
0
0
0
0
0
0
0
0
0
0
0
0
0
0
0
0
0
0
0
0
0
0
0
0
0
0
0
0
0
0
0
0
0
0
0
0
0
0
0
0.00544113700794647
0.00789314322898020
0.00820223642878525
0.00619874297572287
0.00389944319213738
0.00262165716920462
0.00171313710881927
0.00124325881769386
0.00114517844196331
0.00128479876362999
0.00190397961308482
0.00251676020726708
0.00321157761344742
0.00345694364730543
0.00379131372386743
0.00401196737438027
0.00385258636154977
0.00358485660109918
0.00308688730204960
0.00248786465889112
0.00198288153204463
0
0
0
0
0
0
0
0
0
0
0
0
0
0
0
0
0
0
0
0
0
0
0
0
0
0
0
0
0
0
0
0
0
0
0
0
0
0
0
0
0
0.00671217797204797
0.00867687020170552
0.00798371830650795
0.00535164193450973
0.00342788935036000
0.00290010320068220
0.00198912616915555
0.000978664259335240
0.00101984768223604
0.00162928412453287
0.00223812991953655
0.00273068507500997
0.00315530459514472
0.00399964746563160
0.00490260689168082
0.00537186024674025
0.00506788132974637
0.00452648378552722
0.00400971124175718
0.00273393720784575
0.00186913837643068
0
0
0
0
0
0
0
0
0
0
0
0
0
0
0
0
0
0
0
0
0
0
0
0
0
0
0
0
0
0
0
0
0
0
0
0
0
0
0
0
0.00619973250517127
0.00735541377899195
0.00901172969988043
0.00734487296484812
0.00462244641646827
0.00352303558793628
0.00325769849407403
0.00199630670144312
0.000710843012719187
0
0.00138647085703418
0.00281411943219380
0.00231046225780850
0.00187316370946135
0.00277864573174593
0.00414194767516560
0.00543380252884055
0.00600638339381532
0.00575769493719102
0.00515374316422073
0.00345830424653592
0.00191936346675762
0.00126480759948126
0
0
0
0
0
0
0
0
0
0
0
0
0
0
0
0
0
0
0
0
0
0
0
0
0
0
0
0
0
0
0
0
0
0
0
0
0
0
0.00390801421096078
0.00533689099655102
0.00794781342771537
0.00806646817223910
0.00613324840606177
0.00407316259219938
0.00365951128467193
0.00331160689562840
0.00160438217191438
0
0
0.00137113311034669
0.00217609062664333
0.00142557875886822
0.00108072427624116
0.00130023341877304
0.00235039091038857
0.00404633654824630
0.00538920216103823
0.00590841581726045
0.00545242316282578
0.00359444464783792
0.00191020171964150
0.00114616474953541
0
0
0
0
0
0
0
0
0
0
0
0
0
0
0
0
0
0
0
0
0
0
0
0
0
0
0
0
0
0
0
0
0
0
0
0
0
0
0.00440720071617010
0.00625202766356150
0.00799546004474802
0.00680629349341178
0.00503908337294270
0.00368473527557052
0.00330685721029468
0.00265943317579637
0.00121040531314810
0
0
0.00135989156185735
0.00164268274183981
0.00116392381376208
0.000924643183204332
0.000980983701643522
0.00150046168274784
0.00242051471719888
0.00408311188336015
0.00522106071259885
0.00471545905206225
0.00290244931059253
0.00162493656193737
0.000988758649490533
0
0
0.00179369299463603
0
0
0
0
0
0
0
0
0
0
0
0
0
0
0
0
0
0
0
0
0
0
0
0
0
0
0
0
0
0
0
0
0
0
0
0.00504326557453018
0.00721092955532158
0.00753960122517615
0.00618065179417423
0.00461235474185972
0.00330459139389295
0.00248488914992913
0.00163316791742980
0.000719031466686158
0
0
0.00139663952605942
0.00149155342099308
0.00126674007529125
0.000958310030078437
0.000888494993894260
0.00125729932986240
0.00201979275266652
0.00331934203296193
0.00404225629099407
0.00345386058545645
0.00240687143840688
0.00141781755638401
0.000874057681005757
0
0
0.00179370992245142
0.00164641131186999
0.00115280037473075
0
0
0
0
0
0
0
0
0
0
0
0
0
0
0
0
0
0
0
0
0
0
0
0
0
0
0
0
0
0
0
0
0.00438813861377930
0.00531386233820172
0.00672921751279898
0.00673359132104152
0.00621659448849570
0.00554667660647043
0.00414281849394212
0.00249413151006312
0.00124582719121747
0.000695247892061380
0.00109329895094324
0.00178105741545185
0.00175948811388862
0.00147507215356767
0.00143490558881355
0.00121463151609737
0.00118502445431315
0.00147725151268471
0.00204932247419173
0.00291310876594770
0.00326468671999743
0.00292613004833167
0.00237833336697992
0.00184903103817072
0.00121135131282288
0
0
0
0.00190399788243800
0.00179517657903193
0
0
0
0
0
0
0
0
0
0
0
0
0
0
0
0
0
0
0
0
0
0
0
0
0
0
0
0
0
0
0
0
0.00676649435970077
0.00598707798962955
0.00675335147045627
0.00617700483324730
0.00576181000687918
0.00621389147753482
0.00559944284052592
0.00363768705924970
0.00153706323757101
0.000604021235880268
0.00127852490174887
0.00189879847987720
0.00168601718255077
0.00161425329243933
0.00161403462157585
0.00151000060521442
0.00163437547593901
0.00215545005266618
0.00237795023437722
0.00248001633042015
0.00280048749906660
0.00283557989145523
0.00288844216232460
0.00266559935423830
0.00167328195484885
0
0
0
0.00215479170848758
0.00307730847361532
0.00284356465354115
0
0
0
0
0
0
0
0
0
0
0
0
0
0
0
0
0
0
0
0
3.84894610806730e-06
0
0
0
0
0
0
0
0
0
0.00314421749032025
0.00638463103895128
0.00684709059609038
0.00679669733246562
0.00570545835825935
0.00548498864776998
0.00614583057763837
0.00626237596990403
0.00451158073300665
0.00173448469644742
0.000641129470602562
0.000791334731036843
0.00155465100813165
0.00135146459900810
0.00155508261253930
0.00150058538067911
0.00170952089470515
0.00213877819081043
0.00727280320299018
0.00651055942202065
0.00239346074414158
0.00233757388486628
0.00293196989094102
0.00418487774989062
0.00421383415427393
0.00242622802915940
0.00118416656064660
0
0
0.00309882124947667
0.00459299761032433
0.00462765331779878
0
0
0
0
0
0
0
0
0
0
0
0
0
0
0
0
0
0
0
0
0
0
0
0
0
0
0
0
0
0
0.00375013364630133
0.00684113807084390
0.00733097125599792
0.00682276131416947
0.00569032688956482
0.00568275085966373
0.00629770402132427
0.00629422075506498
0.00465121432866582
0.00195184559918252
0.000627430346549603
0.000552208550311383
0.00133249503334655
0.00146945479413242
0.00146560561078541
0.00129822585026280
0.00148113990088957
0.00242132761716432
0.00829110921635755
0.00715787629377320
0.00543561296179045
0.00274715524538442
0.00348795049667810
0.00473172784005195
0.00464615948259717
0.00296549093769408
0.00185468892997885
0.00124745332959602
0
0.00340459093529342
0.00605342065741833
0.00594531839276383
0.00328925718811910
0
0
0
0
0
0
0
0
0
0
0
0
0
0
0
0
0
0
4.90369581868998e-06
1.05108614251793e-05
0
0
0
0
0
0
0
0
0.00441320769419457
0.00533481706719462
0.00791880039929083
0.00779219350188480
0.00662602568625670
0.00592428878442550
0.00577499931471572
0.00585202072009375
0.00550672846561658
0.00397463586680500
0.00183873496663392
0.000436642198956970
0.000592059481840235
0.00140146978513893
0.00148225037066566
0.00139838637876052
0.00105333774038842
0.00131375916569085
0.00231046855341092
0.00345779901687062
0.00802223627108803
0.00589259404662625
0.00361261315357830
0.00371025038875895
0.00375863341772807
0.00339048705446328
0.00304588609324528
0.00218490231019907
0.00106859752429145
0.00132399736395405
0.00300354556545560
0.00721077691296338
0.00735013852903087
0.00483388001976475
0
0
0
0
0
0
0
0
0
0
0
0
0
0
0
0
0
0
2.69204958955833e-06
0
0
0
0
0
0
0
0
0
0.00689521079404073
0.00716868842342733
0.00851405585139368
0.00741547708980748
0.00666509884299722
0.00633107326172187
0.00602551902061098
0.00539774573083038
0.00449971383364202
0.00305774631971025
0.00138414805585222
0.00379811867224373
0.000806167932136153
0.00145780849188189
0.00135056625487935
0.00124550331869838
0.000937348520375152
0.00116119642432029
0.00228622482196593
0.00350216538381135
0.00347569955537737
0.00357501898421665
0.00347832258728855
0.00307666502913922
0.00266389097871775
0.00249139968955027
0.00254916002503758
0.00238516834399063
0.00144956844598843
0.00137620383162410
0.00288962253621962
0.00783274429611850
0.00852556006129580
0.00645542542004510
0
0
0
0
0
0
0
0
0
0
0
0
0
0
0
0
0
0
0
0
0
0
0
0
0
0
0
0.00728176182754967
0.00732350484418260
0.00734332403272413
0.00725766057901987
0.00769190305434653
0.00687621391843575
0.00668532544249495
0.00606540330026205
0.00476878869133668
0.00336421348411882
0.00221201909573462
0.00100729524872600
0.00404663621468175
0.00120236775567854
0.00217660089918163
0.00133716741238562
0.00103409358053519
0.000669100339325807
0.000970236300836243
0.00221566901006053
0.00328737619106898
0.00328275081059360
0.00296575826271617
0.00239634157782927
0.00201038531369812
0.00190682676357407
0.00208306541809390
0.00242175735072158
0.00193847549939280
0.00186118253201685
0.00210359781124602
0.00365120523598770
0.00839926354726457
0.00868796355029610
0.00715125345474158
0
0
0
0
0
0
0
0
0
0
0
0
0
0
0
0
0
0
0
0
0
0
0
0
0
0
0
0.00686733227821083
0.00661319280576620
0.00674072549170503
0.00680386456588795
0.00676194349278207
0.00680271542505217
0.00649874245806668
0.00554845397493205
0.00379219141595553
0.00248224055163018
0.00180493005496583
0.000966957269869522
0.00427470574409918
0.00163693607685397
0.00193775509752790
0.00122157699764679
0.00127578942397001
0.000973683922614055
0.00114677023009265
0.00198833823661688
0.00272298352034093
0.00278232641905840
0.00226891735629373
0.00169171470906965
0.00166247149923318
0.00178427596466460
0.00211630499312853
0.00275230169960972
0.00232120448017420
0.00175333521543142
0.00216379426468498
0.00607999059495237
0.00835968656348008
0.00806801883637125
0.00152461975708532
3.54428676206748e-06
0
0
0
0
0
0
0
0
0
0
0
0
0
0
0
0
0
0
0
0
0
0
0
0
0
0.00697084865277472
0.00731675159522562
0.00687615742780765
0.00661876446413342
0.00767175758205002
0.00681149533210740
0.00662826876246633
0.00613006192832962
0.00502117805548050
0.00349528437725730
0.00238114560177873
0.00165005812716535
0.00104123537579568
0
0.00164967657050517
0.00201471884357523
0.00160079451976418
0.00155359053171102
0.00132796200476965
0.00140020290123230
0.00183817147648868
0.00238874981174077
0.00271136729084492
0.00253025921610872
0.00211717860715962
0.00170719202224537
0.00165779058626741
0.00193030411964477
0.00231756474608810
0.00243713940332300
0.00303275747961245
0.00475704865451362
0.00736751769446728
0.00772782536563797
0.00741203966062750
0.00659242434783035
7.89177881719493e-05
0
0
0
0
0
0
0
0
0
0
0
0
0
0
0
0
0
0
0
0
0
0
0
0
0
0.00819035143148230
0.00842835661822242
0.00732289776086385
0.00704730961465257
0.00675480616703070
0.00645086756566390
0.00644882249733025
0.00610685115897498
0.00502760202359327
0.00382491411060757
0.00283181082900003
0.00191926672986995
0.00121607349586830
0.000990026162742437
0.00128921003465022
0.00139949871314079
0.00186244167052758
0.00180717194070318
0.00162577224549013
0.00155653962854784
0.00177262295224918
0.00239805246078253
0.00297464915255898
0.00339298980623292
0.00335228802412678
0.00260645516291847
0.00189814429753423
0.00139851561721387
0.00150917123149459
0.00249777229750548
0.00481543768527452
0.00646928156686930
0.00746378664771300
0.00788916870384325
0.00748940857738987
0.00686553353357617
0.000752947169414605
2.09097470271643e-05
0
0
0
0
0
0
0
0
0
0
0
0
0
0
0
0
0
0
0
0
0
0
0
0.00685117927609893
0.00850140306192138
0.00902958830979283
0.00781505537029760
0.00722186997104007
0.00644562170871738
0.00575821309797477
0.00583680139707078
0.00586828087497015
0.00818140902703758
0.00444987364007685
0.00346233092724060
0.00236814168224840
0.00156561615387034
0.00133407883041371
0.00148329506504045
0.00170874041137548
0.00185676612065420
0.00182147130768898
0.00162656866627256
0.00145298385593361
0.00164195666559136
0.00227080651158805
0.00278723109669730
0.00331587917598570
0.00377000723638733
0.00323924943262582
0.00204158248351400
0.00106665352368451
0.000892909391828733
0.00242446185344558
0.00319621285610168
0.00582333420258848
0.00640130376541617
0.00642492177169835
0.00838935057787033
0.00725130144608203
0.000542659301112807
0.000320858893474512
0
0
0
0
0
0
0
0
0
0
0
0
0
0
0
0
0
0
0
0
0
0
0
0.00795229864209793
0.00975993176011440
0.00878934935556737
0.00743217651413938
0.00664529444877813
0.00571887980079835
0.00508835718314395
0.00515116297548198
0.00894266671623037
0.00830853526520193
0.00473033346653833
0.00380353388139520
0.00271658369185838
0.00204270979625927
0.00185448465776598
0.00182847223946062
0.00192165499640335
0.00170256464029537
0.00152289158553048
0.00131754763236319
0.00129421107631886
0.00162017513095111
0.00173434448778172
0.00188511394572597
0.00203348402462375
0.00276087068247237
0.00266213759903553
0.00149551289839538
0.00113106014528371
0.000914799095012637
0.00165908729293273
0.00293114047123567
0.00423965971933063
0.00635609567533292
0.00758522503722550
0.00916534770966037
0.00726755940713037
0.000236602763755592
0.000515908961937210
0.000738739818904297
0
0
0
0
0
0
0
0
0
0
0
0
0
0
0
0
0
0
0
0
0
0
0.00882104691977960
0.00991884749484670
0.00771840329838248
0.00643352078095055
0.00558738420170258
0.00492942548684780
0.00463578963614233
0.00478886330774490
0.00879869170421505
0.00466245725595295
0.00387343845146482
0.00315080845639435
0.00256753473052895
0.00216387849891287
0.00198518421872985
0.00198225279384765
0.00200647243421692
0.00167710584155712
0.00129702830743000
0.00111204998112438
0.00128537042054090
0.00164331943677975
0.00143792128944903
0.00132016805311040
0.00148069790108157
0.00174898763637567
0.00167240114091718
0.00142133342713317
0.00110771556539398
0.00113109226566050
0.000867485007270735
0.00293547578034917
0.00399291240007127
0.00783392958135143
0.00960847338859007
0.00923650848279672
0.00695940972881387
0.000710287373372158
0.000543937572104545
0.000910921479024290
0.000463251257992315
0
0
0
0
0
0
0
0
0
0
0
0
0
0
0
0
0
0
0
0
0
0.00991753770888743
0.00831880776894602
0.00658166507613157
0.00561952897124657
0.00458075713122157
0.00410765451418855
0.00428037008560812
0.00448759793162442
0.00436545338597852
0.00364275047710057
0.00289782646497820
0.00267999652497915
0.00238618932476592
0.00201983268040158
0.00187343563085397
0.00219803621267203
0.00219905391242152
0.00178129415200988
0.00132526124252446
0.00119293783786377
0.00164454992577138
0.00227206475549132
0.00179835856165712
0.00117437138478354
0.00103844196522531
0.00126401933104358
0.00148084320586120
0.00135634085716494
0.00117663887254243
0.00103031496538379
0.000980513445805107
0.00366693213905852
0.00524284123881062
0.00715367410030387
0.00884336276793900
0.00843708025320712
0.00635606677989765
0.00422114456296577
0.00266010387619675
0.000523082007504193
1.81498993751145e-05
0
0
0
0
0
0
0
0
0
0
0
0
0
0
0
0
0
0
0
0
0.00940331393961805
0.00887766219207687
0.00699991960611493
0.00590495297561715
0.00506087156166630
0.00403501340609915
0.00355784052789662
0.00402783181681337
0.00410136351277450
0.00362222113964928
0.00291738920283527
0.00236103835409688
0.00666183784316755
0.00212149427565647
0.00183116242752503
0.00220483021965802
0.00248475507397558
0.00220062225927123
0.00184647508438048
0.00144775006649905
0.00144334285680693
0.00220022256899323
0.00287307165232442
0.00248043446726132
0.00151905545244493
0.00102877516691435
0.00106439947042408
0.00123762468154320
0.00122256187584235
0.00103913439354075
0.000841435613088183
0.000746873211761628
0.00350031589336325
0.00499202260138568
0.00662979263809955
0.00761058233490875
0.00637627453687985
0.00592851886394897
0.00478111990260427
0.00175729113733545
0.00493518040807018
0.00334778623841050
1.70178143005367e-05
0
0
0
0
0
0
0
0
0
0
0
0
0
0
0
0
0
0
0
0.0101710432545586
0.00807114835583290
0.00631908232237817
0.00583483676544445
0.00666679661625663
0.00372859724881797
0.00328785852842450
0.00366293556725460
0.00353872350651310
0.00294551951835043
0.00233869698338262
0.00474764088705445
0.00498825979983292
0.00170604934686237
0.00161642358019183
0.00211549249370525
0.00258286634075538
0.00223619143820803
0.00161963160229240
0.00128079823595136
0.00143439047634540
0.00223882743604570
0.00282318443082395
0.00292290065385722
0.00234581393931632
0.00158825942033908
0.00125181767587986
0.00120666017955998
0.00114706756086667
0.00104300473297456
0.000902398951910312
0.000832189722079817
0.00181381730341473
0.00485752756293590
0.00577316465880128
0.00600377022952690
0.00436273711226067
0.00542938641563342
0.00267485333724255
0.00526423596077253
0.00514014579947102
0.00337686555053585
3.16913290636573e-06
4.43878576144792e-06
0
0
0
0
0
0
0
0
0
0
0
0
0
0
0
0
0
0
0.00986075648218517
0.00650978666580790
0.00569160420325055
0.00612953880538247
0.00484085006483742
0.00328808329349745
0.00261485274969872
0.00266865868766102
0.00259113508343983
0.00223919984940812
0.00359636924215158
0.00287544552675803
0.00445606025850417
0.00160490833901211
0.00153870297860342
0.00209183676593865
0.00258041954571520
0.00218647836185220
0.00143548838145668
0.00120229633568188
0.00164420651057398
0.00200020611538695
0.00229639346986500
0.00253765017387457
0.00340553140112958
0.00267267196108527
0.00162478636950748
0.00140651065428375
0.00115133082341216
0.00108235077068941
0.000997753445939380
0.00102750752059393
0.00127437521329305
0.00371497685764968
0.00498049569220963
0.00350354960245723
0.00304559901290130
0.00456374021063153
0.00448780957515668
0.00471101080382243
0.00503365670403290
0.00343071571634147
0.00279543228674402
1.19845692349761e-06
5.85501500066548e-06
0
0
0
0
0
0
0
0
0
0
0
0
0
0
0
0
0
0.00806207306001978
0.00520926215022528
0.00547815686508493
0.00641743768372942
0.00517503572201237
0.00337069827656738
0.00237389021231107
0.00211344749654885
0.00201107848945923
0.00169824561300815
0.00274587848268690
0.00237073239531592
0.00407426641005860
0.00126371725829927
0.00156480980470150
0.00244969339681678
0.00294866084287507
0.00223803221310615
0.00145031091109501
0.00126047600022789
0.00164513549432085
0.00201409637713530
0.00195156649030258
0.00201149491268872
0.00279202542123950
0.00212402974454707
0.00191069682971245
0.00151079891528198
0.00110792110834874
0.00109532321892338
0.00113204753760373
0.00126443471257531
0.00156186799297048
0.00229310900479522
0.00482156576239143
0.00287814407650743
0.00271266127918225
0.00394212780059863
0.00381609047843080
0.00416848852264712
0.00251240675845400
0.00418321963227123
0.00280825745033122
2.27091363337810e-05
7.28394993990168e-06
4.71016903532473e-06
0
0
0
0
0
0
0
0
0
0
0
0
0
0
0
0.00554738806428658
0.00586500063095738
0.00457657486297832
0.00519993917104277
0.00625411906947702
0.00515020750412403
0.00377937668098513
0.00265755556069958
0.00201446379757815
0.00179193792375272
0.00157257273433962
0.00273811796515795
0.00265194221391048
0.00465027881402432
0.00102646738905264
0.00149122152304798
0.00244320528195262
0.00311107430725477
0.00250979794737957
0.00169804319138953
0.00149897164752457
0.00187654929750763
0.00210408953530842
0.00178616453180293
0.00144457509820135
0.00149803399963498
0.00171954723308123
0.00170495969702455
0.00151328474894353
0.00114858183899784
0.00115072611105113
0.00123681542974028
0.00140748926129325
0.00157234218129582
0.00289129388016795
0.00366687157643137
0.00286184378340020
0.00259948967927648
0.00305485493004362
0.00356923120689895
0.00342122045331442
0.00191377776864655
0.00351180254622473
0.00250517306714422
0.00364995223897477
0.00290944422125965
0.00291918438303827
0
0
0
0
0
0
0
0
0
0
0
0
0
0
0
0.00818948814620135
0.00508715890829567
0.00420998223926890
0.00479717363086210
0.00565063987726232
0.00499572626770690
0.00469518050219368
0.00346314802426053
0.00239550190830322
0.00188790129374258
0.00174889846964323
0.00127427911206205
0.00377998971853572
0.00574623849105585
0.00627481286677870
0.00171349187307812
0.00260473674000002
0.00305705559549967
0.00262112776226450
0.00209269148557245
0.00199051749373273
0.00219477444013422
0.00213871246020560
0.00161353537688504
0.00111958429044159
0.00109516490770446
0.00122112409753404
0.00139996906178808
0.00145120284402206
0.00147399527936504
0.00138062568015378
0.00135405572217730
0.00138157021397650
0.00132051788397082
0.00426817030580122
0.00334980335507345
0.00286844378777557
0.00267975664676152
0.00280061007614428
0.00349464086025287
0.00277459272728010
0.00223845444493470
0.00252887418310697
0.00293248907625728
0.00274030077848545
0.00331692947377967
0.00386626418665792
0.00395761556521420
0
0
0
0
0
0
0
0
0
0
0
0
0
0
0.00636458366717198
0.00501481727297712
0.00407053296761725
0.00400813766460442
0.00453580734380810
0.00452830752530305
0.00476996537868178
0.00467106173723065
0.00329412893444813
0.00235467351352015
0.00176943754842892
0.00129268922493863
0.00465755922982648
0.00409458635870210
0.00458068583021640
0.00160836735927945
0.00266182920757150
0.00296101148394765
0.00262948708767203
0.00249890603854212
0.00257898125877588
0.00258032317593027
0.00226981627063667
0.00165498451593443
0.00121898651470048
0.00114770800631230
0.00118196790632835
0.00148655586396861
0.00167635384664112
0.00182632063345240
0.00174021607490873
0.00134480733564135
0.00113472897320801
0.00200587741238178
0.00333482556848635
0.00307684457078078
0.00279154362018887
0.00269340461499793
0.00234013281538552
0.00241732026751053
0.00284538726829780
0.00266742834674272
0.00268830609727678
0.00269116824197695
0.00293195383597438
0.00340127841905607
0.00384017308441297
2.32427896666305e-05
0
0
0
0
0
0
0
0
0
0
0
0
0
0
0.00603953725022397
0.00466726125561305
0.00364654676083078
0.00325528410468738
0.00368110814636262
0.00426271434457305
0.00480166210105963
0.00495349881991050
0.00375278455616990
0.00262194920746638
0.00188867819652913
0.000935944288055895
0.00445575259566033
0
0
0.00134220876533616
0.00212425283524910
0.00230520921450277
0.00237624395643562
0.00269587132221388
0.00300039397918190
0.00280311324148045
0.00231442729350032
0.00183556293992923
0.00177061344780367
0.00160007794256216
0.00166396279487085
0.00186684413303832
0.00203367637702007
0.00208320311525068
0.00172750957015773
0.00122101542078457
0.000870012136408048
0.00186824868196318
0.00366406276596745
0.00385518226487517
0.00374158737321252
0.00263952171151925
0.00170736681044683
0.00163541148874347
0.00266277112109995
0.00261736223007667
0.00274779941027838
0.00244679306105242
0.00257393020190307
0.00326150529043167
0.00322284776361053
0.00223231977391487
0.000665258376683077
0
0
0
0
0
0
0
0
0
0
0
0
0
0.00611815752504073
0.00468285830518643
0.00361081607507672
0.00337846016230617
0.00356445929584235
0.00423860658412243
0.00476742550969330
0.00438186944343300
0.00343370628586108
0.00244619762605793
0.00179411105971955
0.000934103334382505
0
0
0
0.00105370817652361
0.00153667318855714
0.00176754562681148
0.00214038210126067
0.00276859000573803
0.00304445142162268
0.00279485157009478
0.00236448282218005
0.00221587165526077
0.00234486717287598
0.00220261335061085
0.00240921250224235
0.00217095360362895
0.00208033123575770
0.00161076985009815
0.00122180788008294
0.000805107712412997
0.000723809329382797
0.00172353881114987
0.00416000322910332
0.00387229516250943
0.00412833538422672
0.00283738230721052
0.00189555127669317
0.00204444423645907
0.00282682093713170
0.00263691692196377
0.00278897251033297
0.00242345111784450
0.00282913710113690
0.00371774126552707
0.00355705035372318
0.00124440860971153
7.58284664677910e-05
0
0
0
0.00378334943590837
0.00439711794631987
0.00450779695534192
0.00379736257741982
0
0
0
0
0
0
0.00760438605614973
0.00539643479512010
0.00371875011602147
0.00344476004644953
0.00366766976359327
0.00405726822393083
0.00432185516321923
0.00400286110756892
0.00325934276606480
0.00253695430651523
0.00207485643705130
0.00107643087612453
0
0
0
0
0
0.00152813045503236
0.00227433545064202
0.00302466429177812
0.00287213424374495
0.00250807318081262
0.00225149455848073
0.00232141991440918
0.00255796626952437
0.00270299816400550
0.00240527603137600
0.00205143131501825
0.00163416668795806
0.00119857121372965
0.000695906949525797
0.000624591552108842
0.00127538767567544
0.00186163372313638
0.00378641453942330
0.00380022845906038
0.00328384025235360
0.00309205548492380
0.00315402250177055
0.00323242092307043
0.00266440025032255
0.00245708824878558
0.00271846941393308
0.00238920684096487
0.00292718680800018
0.00305172377699202
0.00197917758197540
0.000818277446359645
3.96310574704613e-05
0
0
0.00369153799162480
0.00495971346456265
0.00589372222568020
0.00622680446634277
0.00504139409405612
0
0
0
0
0
0.00956618510490912
0.00967734258479633
0.00693448845028130
0.00433301896604687
0.00322323262042252
0.00318202826013390
0.00377533904128755
0.00418263963404680
0.00428559145878840
0.00386601651055445
0.00330699990603658
0.00278745182990150
0.00407933042910722
0
0
0
0
0
0.00134861334452139
0.00194534069666778
0.00262316556143200
0.00243850141928100
0.00213430963640937
0.00191369539143543
0.00204096925222543
0.00224558792521585
0.00191843333491858
0.00151293717782418
0.00130254381967987
0.00105066503796181
0.000798475474103907
0.000788965360617938
0.00197088870080932
0.00188909287198820
0.00220547802457140
0.00251134541472212
0.00246699058794383
0.00272064330073082
0.00332239029464565
0.00351018343717033
0.00317002155979702
0.00264648534650675
0.00268818892477095
0.00272338074652163
0.00252353624341087
0.00347195262653743
0.00233205131736627
0.00129073278263234
0.000539946961612075
0.000218217356346512
0
0
0
0.00679066735465190
0.00771705387571990
0.00799823610931223
0.00664605349772922
0.00495768723429692
0
0
0
0
0.00875514660959828
0.00830328074082857
0.00624144266951045
0.00447476987263918
0.00284868460032340
0.00274858046521760
0.00378706197722167
0.00920953737074902
0.0106491058952795
0.00890086235092922
0.00451681447331457
0.00578796662188062
0.00475327016343202
0.000541538257817645
0
0
0
0
0.00106920770992357
0.00144027770280758
0.00204883704898278
0.00224414927861802
0.00188655688552367
0.00319891782737418
0.00176779677889242
0.00171062808292213
0.00130023635450240
0.000747798350079820
0.000731825061280950
0.000689716758594427
0.000626771571225447
0.00212833253612807
0.00221913560189793
0.00228323150637908
0.00250702642661590
0.00252552765054822
0.00204587567912825
0.00217357388868860
0.00326433736267103
0.00452357380868152
0.00376327581929983
0.00377723812561050
0.00305475067469025
0.00321351196049615
0.00288589615286673
0.00283971363440472
0.00262906950113592
0.00136580383042349
0.00124334414543386
0.00133470116932517
0
0
0.00593026740726338
0.00760146845124237
0.00909665074893950
0.00918883518714813
0.00773234916804267
0.00635484742878038
0.00411696940030107
0
0
0
0.00617492648273032
0.00461967819721438
0.00389499541237812
0.00310635342877008
0.00217939861106120
0.00244639664389647
0.00347167906179188
0.00905609427234778
0.0101138767610576
0.0100844142369077
0.00970661155991830
0.00877312632546418
0.00717462957872632
0.00619940642877665
0
0
0.00140563599218063
0.00139366334022962
0.00131431531366348
0.00141458978992217
0.00174265938519610
0.00201773683756432
0.00156736440614097
0.00319207457942017
0.00144738417949066
0.00133325911480708
0.00104928394416844
0.000511145928629488
0.000519432420448100
0.000671143814183970
0.000565083760125777
0.00126912556980515
0.00270803678668122
0.00255853162883280
0.00354466249158685
0.00270359154382083
0.00338846800873203
0.00311093087079055
0.00328150937757092
0.00388375336063108
0.00470270716720068
0.00519392858392722
0.00553013724312793
0.00472560541941352
0.00379927910578638
0.00341945654557540
0.00292285188361355
0.00157943458544528
0.00232029228432435
0.00258662189991712
0
0
0.00698991949616027
0.00881338550346942
0.0101477389091534
0.0101410972019037
0.00879198534921983
0.00762341808404322
0.00604504990000340
0
0
0
0.00338424320951087
0.00204969361113827
0.00165473608145994
0.00139141971629685
0.00168977865105755
0.00212734100001735
0.00291279494933185
0.00440458008875078
0.00486349314817532
0.00896021477138988
0.00976188343678318
0.00413840082402317
0.0110199653056172
0.00759478154607163
0.00158665039234063
0.00212797372807798
0.00288862888933193
0.00270405141231205
0.00245242772401768
0.00206345423952405
0.00196683494961715
0.00200618673289903
0.00148576361421185
0.00128067633480713
0.00148194950012252
0.00148657801420386
0.000916279385811935
0.000767494562815360
0.000549228029059842
0.000568814537633083
0.000477855642601710
0.00130133506316715
0.00343888699625920
0.00412477864179295
0.00480206611160317
0.00236758235947268
0.00248833238187567
0.00546059388192980
0.00457763201704132
0.00599065899173345
0.00697858269864023
0.00457387025234843
0.00825533007406780
0.00746058418916398
0.00486676601184073
0.00480023380990572
0.00391104904140272
0.00231714221732328
0.00178300384024775
0
0.00448966513624083
0.00639945043907250
0.00878182534752797
0.0103746519807874
0.0114623855124948
0.0114415667482852
0
0.00759494123501068
0.00633355080533522
0
0
0
0.00214179891008075
0.000967158803390358
0
0
0.00114853100148828
0.00186423174741668
0.00257357656587782
0.00346829547818827
0.00410547273809705
0.00438811355241180
0.00916665026883250
0.00440805299736533
0.00305775226188418
0.00260838840891210
0.00300405230765157
0.00398171002679132
0.00466738167654425
0.00411291588830228
0.00366582905087882
0.00310287068777107
0.00273870444254423
0.00244760235213055
0.00190652923826670
0.00152241766468405
0.00168754092575907
0.00168241587637583
0.00105013297989625
0.00116987808425316
0.000875164763952532
0.000590886436239060
0.00108635955105367
0.00322709537040362
0.00306741636550713
0.00482168850448932
0.00456217117945082
0.00330651213585998
0.00386553557892868
0.00305883169343852
0.00317570349946338
0.00592811813464782
0.00315308210060802
0.00330750074823192
0.00507642937211767
0.00597870977434462
0.00590887930375618
0.00653535341667958
0.00556555500210357
0.00305927969782073
0.00198412269740013
0
0.00558167180669812
0.00818482500900720
0.0101026628714983
0.0113041474681292
0.0114871219552783
0.0107423131392721
0
0.00817610806748508
0.00493084594386658
0
0
0
0.00138922771894747
0.000644427854838620
0
0
0
0.00124915674040968
0.00195460469537133
0.00256699666540123
0.00305966050585187
0.00353362587871580
0.00761735958724792
0.00475687154579217
0.00396442037567628
0.00338514359420798
0.00430397267846900
0.00997567089691138
0.00967196817731438
0.00508973496910673
0.00441938924782825
0.00376104477367102
0.00330104193358318
0.00295427470565365
0.00249469767144410
0.00210087521172853
0.00166167170036491
0.00109208819345486
0.00122306074421614
0.00169490934411610
0.00105448867565263
0.000704480415226930
0.00310299319901847
0.00269902577808217
0.00313721902874148
0.00450350977506278
0.00480994106280712
0.00330542314834007
0.00392902151711427
0.00391419903820638
0.00312220613212503
0.00251900046324653
0.00258808835722277
0.00308953749295162
0.00723615013679153
0.00563025031857442
0.00664483657181393
0.00775737916242150
0.00719162312005915
0.00530127369775188
0
0.00435987377806220
0.00683524470639668
0.00961839286696387
0.0110621795285291
0.0102714750863844
0.0107068865498558
0.00891924859191473
8.51697899149770e-05
0.00852531936728350
0
0
0
0
0.00112680093680977
0
0
0
0
0
0.00115540675039570
0.00185177981210035
0.00215561854119038
0.00266438440496533
0.00369534923028440
0.00852514662574962
0.00967639814741157
0.00450471167881840
0.00497040785237552
0.0102696937017211
0.00990247161352723
0.00522768557224205
0.00440208209076157
0.00377977390185588
0.00339728571159510
0.00318392411984595
0.00282575890330938
0.00220730644540370
0.00150415282568030
0.00128566216164060
0.00150097875457189
0.00193299721088885
0.00133143715395453
0.000417309882010360
0.00234284008205817
0.00265035695395198
0.00331396213083933
0.00450925605010038
0.00556703774875562
0.00563473644614680
0.00343321627562625
0.00361522124556618
0.00296658885487932
0.00246826164323220
0.00191738428776912
0.00683750283324255
0.00619598615680953
0.00493263603777985
0.00638581692397605
0.00781968358088778
0.00782825705318407
0.00598255308162683
0.00484294211865742
0.00442786396728650
0.00775928335614825
0.00942417795085782
0.00974962436094722
0.0103515252563403
0.00849595892728710
0.0109965517155748
0.00861744425741117
0.00530230566553825
0
0
0
0.00175700035565788
0.000984396682107150
0
0
0
0
0
0
0
0.00165549234656875
0.00204295337770828
0.00313867714703072
0.00441827669710047
0.00469518711090613
0.00463909879745815
0.00502200804983192
0.00577781260630980
0.0100210504202430
0.00489706723670432
0.00435008026314740
0.00394059141970758
0.00347987943126545
0.00318410397008363
0.00276400214119915
0.00187616244001475
0.00113432331313215
0.00138654317300565
0.00207085614232468
0.00251614808028435
0.00161427358681993
0.000982174987177272
3.50353071675075e-05
0.00236692903089682
0.00354268651652472
0.00539165964573182
0.00596248526268407
0.00635892786643350
0.00580687174883903
0.00559620253054975
0.00261499110585240
0.00176964836713522
0.00550225275754142
0.00678196014481115
0.00627373388582123
0.00522983657378260
0.00621558499247890
0.00716235322841292
0.00747103145845623
0.00620820177384865
0.00560694796275145
0.00628234853198298
0.00758054757358015
0.00783597945252610
0.00783941267873860
0.00952684989712902
0.00911634286246700
0.00853806186778735
0.00597861714191087
0
0
0
0
0.00151935699143681
0
0
0
0
0
0
0
0
0
0
0.00271408361163518
0.00392742441211100
0.00457114105481957
0.00436921639209868
0.00462982515214432
0.00522924213557523
0.00522081353992913
0.00481358697776360
0.00446289353475273
0.00409367742213210
0.00355310774247217
0.00310011898306285
0.00251922077361168
0.00147658352930581
0.000923280029592215
0.00141577796266283
0.00261571214560600
0.00363295181243008
0.00239777698972297
0.00152758305625406
2.64977604882720e-05
0.00195840018942472
0.00423770252139212
0.00478033550379922
0.00538935215756245
0.00585507168317862
0.00547494936716985
0.00538224870713520
0.00248342038384445
0.00150407791989604
0.00561470667203807
0.00624990109495582
0.00556131232916135
0.00579404497480022
0.00508112263807817
0.00678659465308280
0.00720660658845042
0.00678353978089190
0.00731532026350700
0.00705509712179637
0.00714974807944487
0.00633726332140442
0.00684106398064523
0.00738386064092008
0.00647626753829363
0.00513464236751595
0
0
0
0
0
0
0
0
0
0
0
0
0
0
0
0
0.00250767522210453
0.00333870932687268
0.00353607000184662
0.00341660150881605
0.00369762057921927
0.00428864903945772
0.00454641167627150
0.00439746595149552
0.00428275645851025
0.00421615641045372
0.00374198971028477
0.00302456793798417
0.00227596877912757
0.00127748751911100
0.000853474527164710
0.00147791309358351
0.00318921828955805
0.00468967186741830
0.00321017185672985
0.00300095035858248
0.000346187756612932
0.000444202088880685
0.00173912520645992
0.00131504480496966
0.00386194179363515
0.00465923379218548
0.00239454570552455
0.00250304209488965
0.00201969689731977
0.00569658445039973
0.00574916556953393
0.00498041587725323
0.00465556219526563
0.00516145380934602
0.00571654620790318
0.00770373617762500
0.00756386702666543
0.00808990146522155
0.00904965586828978
0.00817073502344165
0.00660305706643562
0.00527113842042092
0.00464634785939253
0.00393955052326878
0.00386926820094030
0
0
0
0
0
0
0
0
0
0
0
0
0
0
0
0
0
0
0
0.00239414402701462
0.00239164778686015
0.00278143034493948
0.00329428836383100
0.00350862838205530
0.00371728693280173
0.00374450905281635
0.00397811058159655
0.00372979102337070
0.00286939895740772
0.00212663798565258
0.00132669699387674
0.000927338077598908
0.00170540133654053
0.00359392945684267
0.00547738001536012
0.00445395972787438
0.00245465950628925
0.00176883536722873
0.00208353878508567
0.00146387368530717
0.00193578773218302
0.00167032535584838
0.00169137041485845
0.00254832867370478
0.00205000599680438
0.00575330728398882
0.00597519943136962
0.00464342762357380
0.00390328103543202
0.00560979279677268
0.00609764111804213
0.00651632154900833
0.00735463371321000
0.00811125891800825
0.00917850940469217
0.00951858255931370
0.00755215261515837
0.00566626924508025
0.00468119796151957
0
0
0
0
0
0
0
0
0
0
0
0
0
0
0
0
0
0
0
0
0
0
0
0
0
0.00230182187775953
0.00251176391981597
0.00262779244246198
0.00268324587207208
0.00308565416830662
0.00315048678382607
0.00255995260798908
0.00192796472538238
0.00132395518240431
0.00106933003978183
0.00185130207125880
0.00363030007634270
0.00545587160851662
0.00481455687190787
0.00225180635784913
1.37432794684498e-06
0.00149961667600958
0.00223529801124218
0.00227774143073578
0.00211737792231390
0.00281068470503385
0.00168211459779907
0.00199252589140588
3.30074653361248e-09
5.46645070731870e-07
0.00380807809242070
0.00345601383117088
0.00485656897372287
0.00457112870909780
0.00600343813939037
0.00789510001239480
0.00817541643567043
0.00898214447849213
0.00881086365262945
0.00345437818819420
0.00428412205113932
0
0
0
0
0
0
0
0
0
0.00519801099476727
0
0
0
0
0
0
0
0
0
0
0
0
0
0
0
0
0
0
0
0.00147586717584910
0.00174908944587058
0.00201685101678497
0.00194565225920230
0.00162040955523602
0.00126720913927911
0.00137805535421882
0.00207009699675272
0.00355782298180552
0.00514607082293698
0.00454112112355888
0.00264813213586135
0.00169640780320927
0.00171235113717002
0.00238144949198895
0.00214347671002887
0.00207222873469087
0.00568576372142227
0.00546300241815607
0.00259432817823797
0.00423698423601997
0.00359315085374687
0.00442300350653165
0.00370543372663255
0.00347381437747683
0.00435669855882337
0.00554721542581742
0.00727600972468112
0.00792025738587493
0.00845275788820223
0.00780260335275987
0.00338799508579642
0
0
0
0
0
0
0
0
0
0
0.00364194938102592
0
0
0
0
0
0
0
0
0
0
0
0
0
0
0
0
0
0
0
0
0
0.000976031361702918
0.00112815073268153
0.00122664420994595
0.00125005917701793
0.00131512986127628
0.00221682107690088
0.00369904507331158
0.00447410843604950
0.00392866851925382
0.00284365573890812
0.00134865502902002
0.00192735527335415
0.00164501911253580
0.00240769406226282
0.00220528817692750
0.00590562302444828
0.00511759054900112
0.00461811607000842
0.00364896530775527
0.00369681797186115
0.00432354169602128
8.40184125556082e-06
0.00469139008350485
0.00455965771937770
0.00557636264678492
0.00712574551387467
0.00780181138070617
0.00779493103142638
0.00601121811715898
0
0
0
0
0
0
0
0
0
0
0
0
0
0
0
0
0
0
0
0
0
0
0
0
0
0
0
0
0
0
0
0
0
0
0
0.000880495976899793
0.00115969353574258
0.00121888842986634
0.00193535417137160
0.00317874109474670
0.00330469220781053
0.00287688954290145
0.00183992475532038
0.00113950595267576
0.00118228480575881
0.00194548049844733
0.00161287203965752
0.00213103304115882
0.00606308197597172
0.00580020381405455
0.00148078667148726
0.00278462063105645
0.00314886418466707
0.00407937101593760
1.66970069502473e-06
0.00547419902493340
0.00534580793701608
0.00630297412129213
0.00762708851629142
0.00761937885256270
0.00725430665922670
0
0
0
0
0
0
0
0
0
0
0
0
0
0
0
0
0
0
0
0
0
0
0
0
0
0
0
0
0
0
0
0
0
0
0
0
0
0.00105963914656736
0.00113369859228783
0.000526030680216153
0.00149857909856216
0.00198234980475563
0.00150445980390849
0.00121336976378719
0.00125289216796902
0.00199807965885387
0.00155057603626466
0.00164124051366008
0.00215145367612795
0.00200689528690960
0.00211762253334467
0.00313510248272637
0.00339018255148950
0.00335929186976277
0.00375075166553960
0.00452924992717477
0.00604592891168040
0.00612701671999057
0.00715715825593663
0.00746716578310222
0.00672662586497318
0.00566312438454885
0
0
0
0
0
0
0
0
0
0
0
0
0
0
0
0
0
0
0
0
0
0
0
0
0
0
0
0
0
0
0
0
0
0
0
0
0
0
0.000711295882492102
7.33264030486570e-05
1.00768924856016e-06
0.00155494102763058
0.000904472722333833
0.000996223250862138
0.00151108384628173
0.00199230870170017
0.00178864531609688
0.00200613983559422
0.00183935595607312
0.00207198642548143
0.00234515215884535
0.00178262316789945
0.00342035973541277
0.00407846152870358
0.00385339630894603
0.00529718419030805
0.00617729683860033
0.00666772434537317
0.00778159606411732
0.00687149896599015
0.00582668639746285
0.00475002050993857
0
0
0
0
0
0
0
0
0
0
0
0
0
0
0
0
0
0
0
0
0
0
0
0
0
0
0
0
0
0
0
0
0
0
0
0
0
0
0
1.65401786339194e-05
1.18096079251709e-06
0.000794866461653365
0.00111648875216589
5.62912891411592e-08
4.49756371121327e-06
0.000110945316512284
0.00175679054128228
0.00176061700208017
0.00168706030694018
0.00196305879713823
0.00215774504609918
0.00194397071975270
0.00249508129913748
0.00338903103469418
0.00456317859126198
0.00598736052778413
0.00647715346255987
0.00754385458108968
0.00766935964176107
0.00595430748928888
0.00489952813013645
0.00369131388949702
0
0
0
0
0
0
0
0
0
0
0
0
0
0
0
0
0
0
0
0
0
0
0
0
0
0
0
0
0
0
0
0
0
0
0
0
0
0
0
0
8.58943018139485e-07
4.26841571925898e-07
1.64884168843980e-06
1.81527026920087e-07
4.99073475901590e-06
1.27101867267691e-07
2.49452357138347e-06
6.22630548270533e-07
0.00418339738082120
0.00175775382012538
0.00194338493779713
0.00200880993763727
0.00161085656997770
0.00286521251170728
0.00425888946040552
0.00565553635438408
0.0101549040482794
0.00780198937858803
0.00679644787354290
0.00510890573646898
0
0
0
0
0
0
0
0
0
0
0
0
0
0
0
0
0
0
0
0
0
0
0
0
0
0
0
0
0
0
0
0
0
0
0
0
0
0
0
0
0
0
6.90695294994537e-07
1.66530534893524e-05
3.10437378487387e-07
2.93822117562987e-06
1.33045584316988e-05
0.00235917307695743
0.00242623692817530
0.00249104495071865
0.00303674909914883
0.00438647387285012
0.00172119056528893
0.000604935436680282
0.00401383936580767
0.00454896308670012
0.00391335697103053
0.00852519017566940
0.00960659088603507
0.0106945463439599
0.00576378842013810
0.00490276669218258
0.00421919769049515
0
0
0
0
0
0
0
0
0
0
0
0
0
0
0
0
0
0
0
0
0
0
0
0
0
0
0
0
0
0
0
0
0
0
0
0
0
0
0
0
0
0
0
1.12542138495162e-05
1.83316259812120e-05
7.56204152189408e-07
0.000935514211495978
0.000935430973744238
0.00133905467645667
0.00243706736981195
4.59845426715843e-07
0.000186012964939250
3.13687582962723e-05
6.41880536322580e-07
0.00376893514542492
0.00573593084736223
0.00713201074832545
0.00854029446641383
0.00580501687750762
0.00520972001770572
0.00435639362441843
0.00440362209856763
0.00339199955448065
0
0
0
0
0
0
0
0
0
0
0
0
0
0
0
0
0
0
0
0
0
0
0
0
0
0
0
0
0
0
0
0
0
0
0
0
0
0
0
0
0
0
0
6.39655032324572e-06
5.28619196735975e-06
3.40378752461983e-06
1.91486158002092e-06
2.26046326072877e-06
7.14836775134325e-06
0.00226721539976172
0.00302946026579078
6.31572424833842e-06
2.53161095721865e-06
0.00337398864955922
0.00548062785696738
0.00656287133891235
0.00743631598212282
0.00540875333461863
0.00556223183798735
0.00423646344029133
0.00453569224870898
0
0
0
0
0
0
0
0
0
0
0
0
0
0
0
0
0
0
0
0
0
0
0
0
0
0
0
0
0
0
0
0
0
0
0
0
0
0
0
0
0
0
0
0
0
0
0
0
0
2.47964151573385e-06
7.80283261108945e-06
1.42854839924958e-05
1.94897162773377e-05
7.73226657728570e-07
0.00412473889574617
0.00537471610511050
0.00694143808873353
0.00561860530770618
0.00593122743424703
0.00599760400367457
0.00458235607219550
0.00394155566787958
0
0
0
0
0
0
0
0
0
0
0
0
0
0
0
0
0
0
0
0
0
0
0
0
0
0
0
0
0
0
0
0
0
0
0
0
0
0
0
0
0
0
0
0
0
0
0
0
0
0
2.65067611856917e-06
4.41903662543365e-06
8.98472974718313e-06
2.55856723451685e-05
0.00360280742430622
0.00373262721865738
0.00528880342409942
0.00623825160276362
0.00685385300191850
0.00653418753429462
0.00579367383979057
0.00352496630479015
0
0
0
0
0
0
0
0
0
0
0
0
0
0
0
0
0
0
0
0
0
0
0
0
0
0
0
0
0
0
0
0
0
0
0
0
0
0
0
0
0
0
0
0
0
0
0
0
0
0
0
0
4.37732122715387e-06
1.80622406079282e-05
0.00360347714862420
0.00348994153683520
0.00502903367786540
0.00627088926943773
0.00712625981775328
0.00677356656964517
0.00614020972220027
0.00450897309566912
0
0
0
0
0
0
0
0
0
0
0
0
0
0
0
0
0
0
0
0
0
0
0
0
0
0
0
0
0
0
0
0
0
0
0
0
0
0
0
0
0
0
0
0
0
0
0
0
0
0
0
0
0
0
0.00300507183621745
0.00278885526653537
0.00403206203800552
0.00538886663530560
0.00646721694131475
0.00637521736853947
0.00587752008603613
0.00564556590653317
0
0
0
0
0
0
0
0
0
0
0
0
0
0
0
0
0
0
0
0
0
0
0
0
0
0
0
0
0
0
0
0
0
0
0
0
0
0
0
0
0
0
0
0
0
0
0
0
0
0
0
0
0
0
0
0.00210169142874718
0.00304050119403253
0.00408638373507855
0.00535154889407997
0.00589847325951938
0.00601237088503733
0.00617802053438180
0.00485776251687332
0
0
0
0
0
0
0
0
0
0
0
0
0
0
0
0
0
0
0
0
0
0
0
0
0
0
0
0
0
0
0
0
0
0
0
0
0
0
0
0
0
0
0
0
0
0
0
0
0
0
0
0
0
0
0
0.00261449624118503
0.00333648567717670
0.00430459403445235
0.00539258217045953
0.00573136894738860
0.00569076607538540
0.00538606586476685
0
0
0
0
0
0
0
0
0
0
0
0
0
0
0
0
0
0
0
0
0
0
0
0
0
0
0
0
0
0
0
0
0
0
0
0
0
0
0
0
0
0
0
0
0
0
0
0
0
0
0
0
0
0
0
0.00344475773846095
0.00461185151248758
0.00402058750928465
0.00493538357391397
0.00538926971948182
0.00544519833597010
0.00521297282194633
0.00454884768018700
0
0
0
0
0
0
0
0
0
0
0
0
0
0
0
0
0
0
0
0
0
0
0
0
0
0
0
0
0
0
0
0
0
0
0
0
0
0
0
0
0
0
0
0
0
0
0
0
0
0
0
0
0
0
0.00329777763362167
0.00516963896111488
0.00423114500736223
0.00466733254389258
0.00510515530602810
0.00520638984423517
0.00497582887254625
0.00463972676932983
0
0
0
0
0
0
0
0
0
0
0
0
0
0
0
0
0
0
0
0
0
0
0
0
0
0
0
0
0
0
0
0
0
0
0
0
0
0
0
0
0
0
0
0
0
0
0
0
0
0
0
0
0
0
0.00306298561989663
0.00531473669343930
0.00626939174821903
0.00466783251812827
0.00526361540687083
0.00541473216909022
0.00507566508437975
0.00478021892263228
0
0
0
0
0
0
0
0
0
0
0
0
0
0
0
0
0
0
0
0
0
0
0
0
0
0
0
0
0
0
0
0
0
0
0
0
0
0
0
0
0
0
0
0
0
0
0
0
0
0
0
0
0
0
0
0.000968484237175638
0.00641741922248717
0.00655719379941760
0.00542309184640657
0.00621635853413057
0.00573221885329527
0.00493942036147685
0.00482177086003318
0
0
0
0
0
0
0
0
0
0
0
0
0
0
0
0
0
0
0
0
0
0
0
0
0
0
0
0
0
0
0
0
0
0
0
0
0
0
0
0
0
0
0
0
0
0
0
0
0
0
0
0
0
0
0.000264150106938517
0.00199377844817613
0.00664228735892425
0.00527061099596395
0.00581371137001522
0.00645381045834877
0.00559692764566908
0.00511541092648805
0.00306219174522983
0
0
0
0
0
0
0
0
0
0
0
0
0
0
0
0
0
0
0
0
0
0
0
0
0
0
0
0
0
0
0
0
0
0
0
0
0
0
0
0
0
0
0
0
0
0
0
0
0
0
0
0
0
0
0.00400538133478617
0.00462081122399035
0.00605839239427710
0.00602716523960902
0.00653543900100248
0.00656909810741420
0.00532208348701358
0.00208601283159740
0
0
0
0
0
0
0
0
0
0
0
0
0
0
0
0
0
0
0
0
0
0
0
0
0
0
0
0
0
0
0
0
0
0
0
0
0
0
0
0
0
0
0
0
0
0
0
0
0
0
0
0
0
0
0.00336572392294710
0.00613739459495723
0.00677453195084447
0.00703489466860815
0.00599587135926635
0.00585322190095070
0.00470677350758933
0
0
0
0
0
0
0
0
0
0
0
0
0
0
0
0
0
0
0
0
0
0
0
0
0
0
0
0
0
0
0
0
0
0
0
0
0
0
0
0
0
0
0
0
0
0
0
0
0
0
0
0
0
0
0
0.00338276731201542
0.00627091396693715
0.00845745047768453
0.00711914000090473
0.00586919904864403
0.00520952380837305
0.00360900195857283
0
0
0
0
0
0
0
0
0
0
0
0
0
0
0
0
0
0
0
0
0
0
0
0
0
0
0
0
0
0
0
0
0
0
0
0
0
0
0
0
0
0
0
0
0
0
0
0
0
0
0
0
0
0
0
0.00347658245244348
0.00938559726210087
0.00713758713890755
0.00539140197105305
0.00484619751665778
0.00414658043988455
0
0
0
0
0
0
0
0
0
0
0
0
0
0
0
0
0
0
0
0
0
0
0
0
0
0
0
0
0
0
0
0
0
0
0
0
0
0
0
0
0
0
0
0
0
0
0
0
0
0
0
0
0
0
0
0
0.00293744980684953
0.00826233999109622
0.00517216587769943
0.00353471052172407
0.00314557687581762
0
0
0
0
0
0
0
0
0
0
0
0
0
0
0
0
0
0
0
0
0
0
0
0
0
0
0
0
0
0
0
0
0
0
0
0
0
0
0
0
0
0
0
0
0
0
0
0
0
0
0
0
0
0
0
0
0
5.57423875370272e-06
0.00287110251457373
0.00236738790059150
0.00245338642973730
0
0
0
0
0
0
0
0
0
0
0
0
0
0
0
0
0
0
0
0
0
0
0
0
0
0
0
0
0
0
0
0
0
0
0
0
0
0
0
0
0
0
0
0
0
0
0
0
0
0
0
0
0
0
0
0
0
0
0
0
0
0
0
0
0
0
0
0
0
0
0
0
0
0
0
0
0
0
0
0
0
0
0
0
0
0
0
0
0
0
0
0
0
0
0
0
0
0
0
0
0
0
0
0
0
0
0
0
0
0
0
0
0
0
0
0
0
0
0
0
0
0
0
0
0
0
0
0
0
0
0
0
0
0
0
0
0
0
0
0
0
0
0
0
0
0
0
0
0
0
0
0
0
0
0
0
0
0
0
0
0
0
0
0
0
0
0
0
0
0
0
0
0
0
0
0
0
0
0
0
0
0
0
0
0
0
0
0
0
0
0
0
0
0
0
0
0
0
0
0
0
0
0
0
0
0
0
0
0
0
0
0
0
0
0
0
0
0
0
0
0
0
0
0
0
0
0
0
0
0
0
0
0
0
0
0
0
0
0
0
0
0
0
0
0
0
0
0
0
0
0
0
0
0
0
0
0
0
0
0
0
0
0
0
0
0
0
0
0
0
0
0
0
0
0
0
0
0
0
0
0
0
0
0
0
0
0
0
0
0
0
0
0
0
0
0
0
0
0
0
0
0
0
0
0
0
0
0
0
0
0
0
0
0
0
0
0
0
0
0
0
0
0
0
0
0
0
0
0
0
0
0
0
0
0
0
0
0
0
0
0
0
0
0
0
0
0
0
0
0
0
0
0
0
0
0
0
0
0
0
0
0
0
0
0
0
0
0
0
0
0
0
0
0
0
0
0
0
0
0
0
0
0
0
0
0
0
0
0
0
0
0
0
0
0
0
0
0
0
0
0
0
0
0
0
0
0
0
0
0
0
0
0
0
0
0
0
0
0
0
0
0
0
0
0
0
0
0
0
0
0
0
0
0
0
0
0
0
0
0
0
0
0
0
0
0
0
0
0
0
0
0
0
0
0
0
0
0
0
0
0
0
0
0
0
0
0
0
0
0
0
0
0
0
0
0
0
0
0
0
0
0
0
0
0
0
0
0
0
0
0
0
0
0
0
0
0
0
0
0
0
0
0
0
0
0
0
0
0)
;

boundaryField
{
    left
    {
        type            zeroGradient;
    }

    right
    {
        type            zeroGradient;
    }

    top
    {
        type            zeroGradient;
    }

    bottom
    {
        type            zeroGradient;
    }

    frontAndBack
    {
        type            empty;
    }
}

// ************************************************************************* //
